State,County,Under 19 years:!!With health insurance coverage,Under 19 years:!!No health insurance coverage,19 to 64 years:!!With health insurance coverage,19 to 64 years:!!No health insurance coverage,65 years and over:!!With health insurance coverage,65 years and over:!!No health insurance coverage
AL,Autauga,0.24921291,0.007228916,0.522873978,0.058095154,0.161533726,0.001055316
AL,Baldwin,0.209945876,0.012725021,0.491800845,0.072197526,0.21005616,0.003274572
AL,Barbour,0.254647267,0.000688484,0.475880112,0.064946987,0.203837151,0
AL,Bibb,0.196435202,0.006173413,0.554214631,0.057092462,0.186084293,0
AL,Blount,0.235781223,0.004668598,0.493099335,0.087715113,0.17873573,0
AL,Butler,0.219896384,0.012873515,0.475273431,0.103773091,0.188183578,0
AL,Calhoun,0.222109755,0.01317615,0.469533425,0.114789574,0.178096177,0.002294919
AL,Chambers,0.213159738,0.015968006,0.456825082,0.100537132,0.213510042,0
AL,Cherokee,0.165152602,0.002629692,0.524782851,0.083432943,0.224001913,0
AL,Chilton,0.233096125,0.008945502,0.507216633,0.092109666,0.158632074,0
AL,Clarke,0.218203617,0.004346089,0.508742132,0.068788091,0.199920072,0
AL,Coffee,0.238785542,0.021089157,0.488539759,0.080539759,0.170274699,0.000771084
AL,Colbert,0.217768451,0.005159147,0.515809724,0.055299056,0.205963624,0
AL,Covington,0.209322992,0.028491409,0.453762051,0.101578069,0.206845479,0
AL,Cullman,0.221909545,0.008274099,0.510280961,0.073424221,0.184698522,0.001412651
AL,Dale,0.259262477,0.002367198,0.488533206,0.063306259,0.18653086,0
AL,Dallas,0.249886221,0.009718095,0.467753594,0.079110112,0.193531979,0
AL,DeKalb,0.236705121,0.017923467,0.406752954,0.168387732,0.168401801,0.001828925
AL,Elmore,0.22836436,0.011557956,0.451162901,0.13761783,0.171296954,0
AL,Escambia,0.223133762,0.012755317,0.472340067,0.093585817,0.198016464,0.000168572
AL,Etowah,0.216267887,0.013226558,0.47036217,0.112415993,0.184606081,0.003121312
AL,Franklin,0.254706603,0.047993211,0.442939309,0.090549078,0.163811799,0
AL,Geneva,0.223723488,0.017282011,0.448075412,0.098507463,0.212411626,0
AL,Houston,0.232588045,0.007058647,0.473332958,0.103673875,0.182980401,0.000366073
AL,Jackson,0.207520119,0.021371361,0.453959819,0.108863954,0.208284748,0
AL,Jefferson,0.23372328,0.009145286,0.514996002,0.078991086,0.162364351,0.000779995
AL,Lauderdale,0.204270226,0.007435823,0.475226459,0.114019535,0.199047957,0
AL,Lawrence,0.220130186,0.002281299,0.500973354,0.102840978,0.173774182,0
AL,Lee,0.223446843,0.008239215,0.533044876,0.106405692,0.12667155,0.002191824
AL,Limestone,0.238976895,0.002462889,0.508428447,0.091069392,0.159062377,0
AL,Macon,0.206867156,0.030262846,0.498271371,0.0969453,0.166090457,0.00156287
AL,Madison,0.220991476,0.012597355,0.547876898,0.062289497,0.155560358,0.000684415
AL,Marion,0.199526924,0.002330597,0.457423125,0.14084458,0.199874774,0
AL,Marshall,0.260656092,0.006567097,0.444596556,0.121789791,0.163755391,0.002635073
AL,Mobile,0.237537911,0.010261962,0.468770544,0.114917359,0.16781571,0.000696513
AL,Monroe,0.223061553,0.010088211,0.439007749,0.091866075,0.235976412,0
AL,Montgomery,0.248039503,0.012031296,0.4826633,0.097319113,0.156704471,0.003242317
AL,Morgan,0.23890583,0.009205757,0.468589464,0.101748272,0.181550677,0
AL,Pickens,0.243783938,0.001657616,0.467562161,0.053386682,0.233609603,0
AL,Pike,0.220317306,0.013611864,0.538688754,0.073357898,0.154024179,0
AL,Randolph,0.222426217,0.013999174,0.529444164,0.104465966,0.127002341,0.002662138
AL,Russell,0.262384234,0.00235121,0.484995333,0.097907244,0.148808242,0.003553737
AL,St. Clair,0.237094196,0.003527531,0.501659042,0.078939536,0.178052141,0.000727553
AL,Shelby,0.238647997,0.006703045,0.5408592,0.050606657,0.163183101,0
AL,Talladega,0.224752641,0.0064976,0.49968477,0.072464328,0.196600661,0
AL,Tallapoosa,0.205583127,0.010744417,0.482084367,0.07560794,0.225111663,0.000868486
AL,Tuscaloosa,0.237002547,0.003955989,0.552496019,0.065771106,0.140542421,0.000231918
AL,Walker,0.242785044,0.002796919,0.467069798,0.088470132,0.198878107,0
AL,Winston,0.196879008,0.011500641,0.460624198,0.118982471,0.212013681,0
AK,Anchorage Municipality,0.243399977,0.017979876,0.538442496,0.069229257,0.127490025,0.003458369
AK,Fairbanks North Star Borough,0.261245594,0.008415229,0.500245104,0.092217372,0.133885011,0.00399169
AK,Juneau City and Borough,0.198492542,0.024125643,0.581790659,0.056167019,0.139424138,0
AK,Kenai Peninsula Borough,0.213107468,0.018734722,0.482778072,0.09269927,0.19237278,0.000307687
AK,Matanuska-Susitna Borough,0.24804611,0.030105762,0.481076645,0.105286229,0.134832404,0.000652851
AZ,Apache,0.240344339,0.044058766,0.392555747,0.153243193,0.166610201,0.003187754
AZ,Cochise,0.220477482,0.014312672,0.459597661,0.056206089,0.247097872,0.002308224
AZ,Coconino,0.217640345,0.017425893,0.536584691,0.088160216,0.13998824,0.000200616
AZ,Gila,0.163389638,0.03949516,0.392275574,0.104592902,0.299924084,0.000322642
AZ,Graham,0.275626549,0.016579455,0.478518315,0.079482236,0.149793445,0
AZ,La Paz,0.145153762,0.068868952,0.33029093,0.103718301,0.349478816,0.002489239
AZ,Maricopa,0.227349509,0.019140951,0.509938998,0.085853344,0.156191521,0.001525678
AZ,Mohave,0.160035777,0.016780747,0.434561573,0.07476956,0.313852342,0
AZ,Navajo,0.222241103,0.051836118,0.409874445,0.111347116,0.202756537,0.00194468
AZ,Pima,0.207000022,0.016873062,0.498248976,0.069954641,0.206499591,0.001423707
AZ,Pinal,0.219795299,0.022543403,0.459917714,0.081112433,0.214889947,0.001741204
AZ,Santa Cruz,0.255990465,0.017375486,0.421590767,0.104148371,0.197214904,0.003680007
AZ,Yavapai,0.147922222,0.015600443,0.401833736,0.096526185,0.336968737,0.001148677
AZ,Yuma,0.229723912,0.043689886,0.40425047,0.120073745,0.201370564,0.000891424
AR,Baxter,0.181009966,0.002700571,0.464211457,0.046196496,0.305642521,0.000238989
AR,Benton,0.256729189,0.014211391,0.50858776,0.087965498,0.131869524,0.000636637
AR,Boone,0.231700797,0.011495482,0.476100091,0.0747741,0.20592953,0
AR,Carroll,0.215064068,0.015795265,0.433748625,0.109324531,0.224399248,0.001668264
AR,Clark,0.199744342,0.021399489,0.508474576,0.057475618,0.212905975,0
AR,Cleburne,0.194575805,0.018835132,0.453579079,0.065235843,0.26777414,0
AR,Columbia,0.224262735,0.002010724,0.537712243,0.033199285,0.202055407,0.000759607
AR,Conway,0.207610571,0.010761965,0.497774952,0.087685042,0.196167469,0
AR,Craighead,0.267342985,0.008557128,0.534138816,0.053217444,0.135218772,0.001524855
AR,Crawford,0.227501388,0.026094857,0.486212292,0.086865084,0.173326379,0
AR,Crittenden,0.282159963,0.004980291,0.494426313,0.076929598,0.138134192,0.003369644
AR,Faulkner,0.237727254,0.017472648,0.54738683,0.066531094,0.130280229,0.000601944
AR,Garland,0.193519143,0.015925139,0.462292374,0.090040996,0.236711424,0.001510924
AR,Greene,0.244925958,0.008471254,0.5125,0.077504355,0.156598432,0
AR,Hempstead,0.200906656,0.036678343,0.545847929,0.078147538,0.136255924,0.00216361
AR,Hot Spring,0.202552557,0.037187004,0.487091445,0.059926792,0.213242201,0
AR,Independence,0.229215292,0.014594232,0.472810195,0.108142186,0.175238095,0
AR,Jefferson,0.230558642,0.012802551,0.505193488,0.06005121,0.19047619,0.000917919
AR,Johnson,0.25529421,0.020200047,0.490544659,0.063686802,0.170274283,0
AR,Logan,0.216079924,0.019457659,0.519219791,0.050190295,0.195052331,0
AR,Lonoke,0.252876591,0.014084898,0.534962708,0.054842377,0.143233427,0
AR,Miller,0.222101659,0.03006848,0.493417245,0.088855131,0.165557485,0
AR,Mississippi,0.270960935,0.009264502,0.490761233,0.075222605,0.15005919,0.003731535
AR,Ouachita,0.248591933,0.001726017,0.484602108,0.057231105,0.207848837,0
AR,Poinsett,0.237325136,0.025260626,0.447251181,0.120021385,0.170141673,0
AR,Polk,0.275903098,0.0056637,0.422350198,0.092189805,0.203893199,0
AR,Pope,0.234698871,0.018786013,0.504475491,0.085815771,0.155955482,0.000268372
AR,Pulaski,0.228992895,0.017015428,0.513860292,0.077118146,0.162928623,8.46E-05
AR,St. Francis,0.236821086,0.005141773,0.500698882,0.069688498,0.18764976,0
AR,Saline,0.2386869,0.002846872,0.529534287,0.048991934,0.179940007,0
AR,Sebastian,0.228135385,0.014174791,0.507197644,0.095215221,0.153993354,0.001283606
AR,Union,0.268891173,0.00192404,0.478242534,0.059777022,0.19116523,0
AR,Washington,0.240436829,0.019031748,0.530195993,0.08755087,0.119363032,0.003421528
AR,White,0.23302437,0.011234639,0.510648823,0.084917205,0.160174964,0
AR,Yell,0.2177159,0.006910815,0.531174334,0.073143664,0.171055287,0
CA,Alameda,0.208528437,0.005543258,0.602820338,0.035300551,0.146435776,0.001371641
CA,Amador,0.16976941,0.00068754,0.527448699,0.023958113,0.277342924,0.000793315
CA,Butte,0.22455404,0.008404259,0.531591271,0.054302204,0.180856749,0.000291477
CA,Calaveras,0.169723868,0.016616017,0.479568858,0.037036227,0.29705503,0
CA,Colusa,0.272534952,0.035733996,0.473509934,0.11276674,0.101499264,0.003955114
CA,Contra Costa,0.227964796,0.006684726,0.565587112,0.033651093,0.164996566,0.001115707
CA,Del Norte,0.254358655,0.016850872,0.503502491,0.048334371,0.168975716,0.007977895
CA,El Dorado,0.200098786,0.00528245,0.541659084,0.028538747,0.224420932,0
CA,Fresno,0.293944069,0.006108357,0.524852334,0.050125073,0.123848754,0.001121413
CA,Glenn,0.298136429,0.00485997,0.447711618,0.078528723,0.170098948,0.000664312
CA,Humboldt,0.19859604,0.006479817,0.544726272,0.055108034,0.194779161,0.000310676
CA,Imperial,0.316979337,0.001644602,0.502220212,0.03564674,0.142751418,0.000757691
CA,Kern,0.29802053,0.012958001,0.508717405,0.064121859,0.11504163,0.001140574
CA,Kings,0.310674852,0.012353686,0.513665983,0.044059973,0.118317847,0.000927658
CA,Lake,0.206183748,0.002955144,0.497581487,0.051795875,0.239807695,0.001676052
CA,Lassen,0.21641476,0.010174787,0.497846829,0.065186186,0.207422106,0.002955332
CA,Los Angeles,0.215991686,0.008175898,0.552197187,0.07899408,0.142160209,0.00248094
CA,Madera,0.286332043,0.015796541,0.477259563,0.067043151,0.149612985,0.003955717
CA,Marin,0.203172614,0.004631269,0.522788569,0.032819742,0.236432132,0.000155673
CA,Mariposa,0.155557537,0,0.552409827,0.019662045,0.272370592,0
CA,Mendocino,0.187600876,0.032689204,0.485352318,0.056324482,0.237955736,7.74E-05
CA,Merced,0.294242642,0.017401049,0.499221217,0.071450722,0.115788509,0.001895862
CA,Monterey,0.276246421,0.007974436,0.474362804,0.093448351,0.144362424,0.003605564
CA,Napa,0.195021239,0.013640441,0.544172047,0.048668204,0.198498069,0
CA,Nevada,0.164998537,0.011930543,0.490625305,0.056053068,0.276187689,0.000204858
CA,Orange,0.219881794,0.008279718,0.556459519,0.058906059,0.154901742,0.001571167
CA,Placer,0.230105395,0.004559129,0.543667035,0.02167479,0.199273274,0.000720377
CA,Riverside,0.251924268,0.010297255,0.519107577,0.069979944,0.146878793,0.001812163
CA,Sacramento,0.241433619,0.005832511,0.563514658,0.042270745,0.146095426,0.000853041
CA,San Benito,0.26035681,0.005821475,0.548798099,0.053732062,0.131291555,0
CA,San Bernardino,0.264909679,0.01286338,0.526256641,0.074387665,0.119836324,0.001746311
CA,San Diego,0.223917022,0.008272991,0.559322782,0.056536471,0.149813652,0.002137082
CA,San Francisco,0.146748571,0.003428716,0.64951446,0.026856842,0.172693717,0.000757693
CA,San Joaquin,0.277064442,0.007324517,0.531765035,0.053454206,0.129273544,0.001118257
CA,San Luis Obispo,0.19137251,0.009184614,0.536688069,0.046401733,0.216018369,0.000334706
CA,San Mateo,0.205177085,0.00573115,0.584068436,0.031499556,0.171794359,0.001729414
CA,Santa Barbara,0.245689931,0.009206838,0.509546986,0.076165865,0.156374702,0.003015679
CA,Santa Clara,0.222649369,0.003345995,0.598903784,0.031463971,0.14176615,0.00187073
CA,Santa Cruz,0.201992468,0.009564748,0.545385666,0.060482963,0.179971043,0.002603112
CA,Shasta,0.219189307,0.013493087,0.506514,0.053036637,0.206936455,0.000830514
CA,Siskiyou,0.208434065,0.0073895,0.477078867,0.03936505,0.267732518,0
CA,Solano,0.227105542,0.007967255,0.556629308,0.039450912,0.167613358,0.001233625
CA,Sonoma,0.202059525,0.007342113,0.526153687,0.053636835,0.210032148,0.000775692
CA,Stanislaus,0.276101132,0.010187624,0.515894437,0.064184391,0.13241368,0.001218737
CA,Sutter,0.25591772,0.010858108,0.517597094,0.054884102,0.158645039,0.002097938
CA,Tehama,0.239251243,0.021705331,0.479934114,0.048244331,0.20658549,0.004279491
CA,Tulare,0.314415341,0.006502221,0.483403119,0.080897209,0.113541876,0.001240234
CA,Tuolumne,0.185011046,0.005683642,0.488453332,0.039936555,0.278743934,0.002171491
CA,Ventura,0.22274746,0.011712104,0.521720323,0.077076144,0.165819931,0.000924039
CA,Yolo,0.221777722,0.012385807,0.596116181,0.038268672,0.131451617,0
CA,Yuba,0.288513814,0.008315623,0.516260564,0.051005783,0.135533534,0.000370682
CO,Adams,0.252168558,0.015802997,0.515509493,0.107839911,0.105655475,0.003023567
CO,Arapahoe,0.225658297,0.014650071,0.547077391,0.072813752,0.137973859,0.001826631
CO,Boulder,0.199362645,0.005027411,0.591128313,0.046986606,0.156890636,0.000604388
CO,Broomfield,0.217848365,0.004635072,0.591178671,0.038149177,0.147387262,0.000801453
CO,Chaffee,0.137038407,0,0.546885731,0.047017803,0.269058059,0
CO,Delta,0.195873255,0.008305811,0.447205781,0.074392597,0.271900853,0.002321703
CO,Denver,0.188470205,0.01044203,0.592071208,0.089011959,0.118567204,0.001437393
CO,Douglas,0.251405583,0.005744735,0.581398701,0.029996654,0.131348245,0.000106082
CO,Eagle,0.23367642,0.005658242,0.497278655,0.108961578,0.152772539,0.001652566
CO,Elbert,0.234657976,0.00666642,0.526017555,0.048590793,0.184067257,0
CO,El Paso,0.248937526,0.010904825,0.547286155,0.053300885,0.138751783,0.000818826
CO,Fremont,0.208777,0.007783186,0.467726397,0.051389311,0.263233952,0.001090153
CO,Garfield,0.220475634,0.039971449,0.468447862,0.126678996,0.143890727,0.000535332
CO,Jefferson,0.19543781,0.00537907,0.57915179,0.046730128,0.172144188,0.001157014
CO,La Plata,0.166433942,0.025044755,0.512692445,0.090064447,0.204403867,0.001360544
CO,Larimer,0.195414814,0.010784906,0.575387134,0.051532526,0.166203953,0.000676667
CO,Logan,0.228673324,0.001093676,0.522919639,0.054160723,0.193152639,0
CO,Mesa,0.209655367,0.012356456,0.489225812,0.083337078,0.204571568,0.000853719
CO,Montezuma,0.227954432,0.009665912,0.493268382,0.022093514,0.243910859,0.0031069
CO,Montrose,0.19997196,0.028927937,0.409524255,0.113655482,0.247920366,0
CO,Morgan,0.22123431,0.032008368,0.431066946,0.151603905,0.163807531,0.00027894
CO,Otero,0.288119552,0.003088418,0.458082192,0.047222914,0.203486924,0
CO,Pueblo,0.229215234,0.007090314,0.52150648,0.05015159,0.191698172,0.000338209
CO,Routt,0.182022993,0.011330882,0.582678991,0.056853196,0.165954345,0.001159593
CO,Summit,0.185950948,0.007183071,0.593574063,0.049440238,0.163851679,0
CO,Teller,0.172488907,0,0.51399758,0.105042356,0.208471158,0
CO,Weld,0.266978347,0.008325956,0.53096918,0.069515217,0.123716835,0.000494465
CT,Fairfield,0.229183526,0.005872518,0.540886682,0.061254714,0.160325502,0.002477058
CT,Hartford,0.218091381,0.004758983,0.564699077,0.03869334,0.172500685,0.001256535
CT,Litchfield,0.18334207,0.007911807,0.551587822,0.03317608,0.223529026,0.000453195
CT,Middlesex,0.177217518,0.004371578,0.577894408,0.027989135,0.212527361,0
CT,New Haven,0.207943212,0.004197575,0.566664443,0.043710015,0.176273578,0.001211177
CT,New London,0.20767702,0.00501114,0.560937172,0.032853827,0.19352084,0
CT,Tolland,0.191567518,0.010155712,0.591293368,0.038016395,0.168663146,0.000303861
CT,Windham,0.206376146,0.002428262,0.570275986,0.049157071,0.171762535,0
DE,Kent,0.237063332,0.016259442,0.520091709,0.048883548,0.175326186,0.002375784
DE,New Castle,0.224519818,0.006609115,0.561183174,0.042587931,0.164156565,0.000943398
DE,Sussex,0.181484708,0.006522637,0.45431496,0.059570692,0.29749359,0.000613414
,District of Columbia,0.195265304,0.007448722,0.641894666,0.028502422,0.126131286,0.0007576
FL,Alachua,0.206360965,0.007144432,0.563849971,0.074548549,0.144738887,0.003357196
FL,Baker,0.207665812,0.048381929,0.505246716,0.081264018,0.157441525,0
FL,Bay,0.196179456,0.019039957,0.475907636,0.128909125,0.179963826,0
FL,Bradford,0.182238899,0.052115906,0.399958307,0.165937044,0.199749844,0
FL,Brevard,0.178325772,0.015572004,0.473044178,0.091765579,0.240312879,0.000979587
FL,Broward,0.205531773,0.017010701,0.498844075,0.104148934,0.168485899,0.005978619
FL,Charlotte,0.119578921,0.011241385,0.360386199,0.096465793,0.409028828,0.003298874
FL,Citrus,0.141828081,0.014920486,0.363767102,0.1124301,0.366187508,0.000866724
FL,Clay,0.242172751,0.007441928,0.524286587,0.054295981,0.171561072,0.00024168
FL,Collier,0.158832469,0.014761982,0.409156436,0.086880494,0.328227053,0.002141567
FL,Columbia,0.216054338,0.027307811,0.465267058,0.097669034,0.19370176,0
FL,DeSoto,0.225752355,0.013690277,0.385157179,0.144982773,0.22288624,0.007531177
FL,Duval,0.221405927,0.020332926,0.508769881,0.099755726,0.148409659,0.001325882
FL,Escambia,0.214986203,0.017657528,0.472524207,0.115412374,0.177809709,0.00160998
FL,Flagler,0.151812438,0.024900233,0.426820752,0.084893582,0.311265381,0.000307616
FL,Gadsden,0.206176226,0.030317872,0.451510996,0.113459372,0.198535534,0
FL,Gilchrist,0.225161322,0.01246244,0.458056253,0.125609576,0.178710408,0
FL,Hardee,0.237867367,0.012026764,0.344371983,0.245320573,0.156771407,0.003641907
FL,Hendry,0.239039823,0.039998996,0.413649375,0.167127002,0.137196806,0.002987998
FL,Hernando,0.185387466,0.012768868,0.427286854,0.106672098,0.265299759,0.002584954
FL,Highlands,0.156002193,0.018884734,0.345534823,0.120092808,0.358614141,0.000871302
FL,Hillsborough,0.225569454,0.009954217,0.515406995,0.101301327,0.146079925,0.001688082
FL,Indian River,0.156739928,0.009684723,0.386570599,0.101523467,0.34319239,0.002288893
FL,Jackson,0.227870091,0.013922457,0.445946626,0.086983887,0.224723061,0.000553877
FL,Lake,0.192796859,0.01185802,0.445851352,0.083399282,0.264838481,0.001256006
FL,Lee,0.170730524,0.013804261,0.428246191,0.097131635,0.288853931,0.001233458
FL,Leon,0.210643927,0.011749834,0.561743617,0.070243424,0.145318717,0.000300481
FL,Levy,0.207312348,0.009299993,0.415809988,0.120307264,0.247270406,0
FL,Manatee,0.169913536,0.015099409,0.432397049,0.101892922,0.280120658,0.000576425
FL,Marion,0.184883966,0.013784283,0.403976793,0.108383439,0.288631329,0.00034019
FL,Martin,0.155967338,0.023954768,0.401997718,0.098343309,0.316568821,0.003168047
FL,Miami-Dade,0.200326352,0.014016936,0.495524398,0.121903706,0.164733653,0.003494954
FL,Monroe,0.147113548,0.020616626,0.431875226,0.163084877,0.235211848,0.002097876
FL,Nassau,0.195430358,0.008415508,0.476943008,0.073715993,0.245495134,0
FL,Okaloosa,0.231907082,0.017923967,0.477955639,0.100236027,0.169253891,0.002723394
FL,Okeechobee,0.201912246,0.032534381,0.400497708,0.140537001,0.224518664,0
FL,Orange,0.21953099,0.013621977,0.527447388,0.112377241,0.124049784,0.002972621
FL,Osceola,0.238670469,0.014306529,0.511426045,0.102245358,0.132444987,0.000906612
FL,Palm Beach,0.18101253,0.02098235,0.449367127,0.104967565,0.240332404,0.003338025
FL,Pasco,0.205346072,0.011917961,0.462814442,0.100709448,0.217951375,0.001260703
FL,Pinellas,0.153730866,0.013825236,0.478939324,0.097312218,0.255056658,0.001135697
FL,Polk,0.221750057,0.015044273,0.445715428,0.118925164,0.1968677,0.001697378
FL,Putnam,0.216639176,0.007511212,0.376760227,0.162629333,0.236460052,0
FL,St. Johns,0.223172224,0.011303524,0.506449556,0.054667011,0.202598432,0.001809253
FL,St. Lucie,0.191133661,0.018845445,0.444399775,0.100689024,0.244756025,0.000176071
FL,Santa Rosa,0.227163389,0.017084651,0.492720668,0.090656044,0.172375249,0
FL,Sarasota,0.12466072,0.022748109,0.403348764,0.079473862,0.368806594,0.000961951
FL,Seminole,0.201634889,0.016479425,0.529286769,0.090640046,0.15897584,0.002983031
FL,Sumter,0.070690021,0.006131598,0.250602561,0.055977326,0.610561108,0.006037386
FL,Suwannee,0.196746104,0.023464711,0.433318057,0.129903758,0.216567369,0
FL,Taylor,0.315053658,0,0.410800433,0.111253323,0.162892586,0
FL,Volusia,0.175767142,0.014457805,0.445370277,0.114406567,0.249254715,0.000743493
FL,Wakulla,0.192420476,0.002964238,0.571077963,0.026965003,0.206572321,0
FL,Walton,0.161012215,0.04796973,0.503186978,0.087889484,0.199941593,0
FL,Washington,0.215289365,0.034556951,0.473390709,0.082286818,0.191007289,0.003468868
GA,Baldwin,0.211185804,0.020760219,0.441698384,0.148732144,0.177623449,0
GA,Barrow,0.24780428,0.018663616,0.467838487,0.136851107,0.127074377,0.001768132
GA,Bartow,0.245678911,0.00996156,0.47276778,0.128094155,0.142995407,0.000502187
GA,Bibb,0.245802224,0.018688664,0.440742069,0.135652571,0.158821036,0.000293437
GA,Bryan,0.295346482,0.014220305,0.480914854,0.075372017,0.134146341,0
GA,Bulloch,0.216765967,0.01418036,0.515628755,0.138299622,0.115125296,0
GA,Burke,0.27005093,0,0.476005134,0.14185748,0.112086456,0
GA,Butts,0.240316901,0.016515761,0.458291415,0.094273977,0.190601945,0
GA,Camden,0.244584451,0.026329094,0.4904523,0.081651305,0.156982849,0
GA,Carroll,0.244035909,0.011762858,0.479946104,0.12582869,0.137715542,0.000710897
GA,Catoosa,0.21837965,0.023246581,0.471489487,0.10327893,0.182811351,0.000794001
GA,Chatham,0.218061331,0.008241122,0.503330672,0.100708308,0.168697564,0.000961003
GA,Chattooga,0.22774413,0.004895047,0.404463619,0.14232971,0.220567494,0
GA,Cherokee,0.229466908,0.014990816,0.521166417,0.079929024,0.153995901,0.000450934
GA,Clarke,0.207019309,0.014200505,0.569701923,0.091151993,0.115325071,0.002601199
GA,Clayton,0.267268756,0.021058424,0.46708942,0.142687802,0.101613687,0.000281911
GA,Cobb,0.223225435,0.016150572,0.521232212,0.106653978,0.131519313,0.001218489
GA,Coffee,0.246022574,0.025794871,0.397152482,0.197408218,0.133621856,0
GA,Colquitt,0.230197639,0.036691802,0.39107877,0.180776925,0.161254864,0
GA,Columbia,0.263299391,0.016682387,0.513920168,0.057522152,0.148575902,0
GA,Coweta,0.235901041,0.006728934,0.542733755,0.069893877,0.144367447,0.000374946
GA,Dawson,0.208219277,0.007203573,0.499639821,0.105892523,0.176379484,0.002665322
GA,Decatur,0.245457276,0.014416579,0.427353957,0.129336237,0.183435951,0
GA,DeKalb,0.226121417,0.011141125,0.520377808,0.10757979,0.133486326,0.001293534
GA,Dodge,0.212470498,0.004500796,0.447554751,0.173774631,0.161699325,0
GA,Dougherty,0.231157712,0.021331345,0.440406907,0.137631668,0.169111635,0.000360733
GA,Douglas,0.254593651,0.009274269,0.521147143,0.091629502,0.123355435,0
GA,Effingham,0.261524836,0.016613477,0.521950251,0.084258425,0.114858984,0.000794026
GA,Emanuel,0.266117785,0.000674855,0.393800333,0.166509201,0.167453997,0.00544383
GA,Fannin,0.108677895,0.029328251,0.436072971,0.100042787,0.325878097,0
GA,Fayette,0.230690217,0.009570337,0.527328907,0.044511253,0.187815775,8.35E-05
GA,Floyd,0.235162966,0.016301812,0.449264241,0.133359604,0.164884736,0.001026641
GA,Forsyth,0.255845057,0.018454423,0.537702833,0.065291964,0.120824822,0.001880902
GA,Franklin,0.223003601,0.012497352,0.367803431,0.199364541,0.197331074,0
GA,Fulton,0.215989062,0.015197999,0.569562958,0.077010414,0.1208258,0.001413767
GA,Gilmer,0.155250855,0.032160899,0.419942895,0.157384456,0.232750777,0.002510119
GA,Glynn,0.214374596,0.020567613,0.414738328,0.129017205,0.221302257,0
GA,Gordon,0.256556541,0.027609218,0.414605052,0.146551873,0.154677316,0
GA,Grady,0.190249011,0.036071678,0.402257389,0.151423474,0.219998449,0
GA,Gwinnett,0.250727584,0.025587616,0.483479441,0.130438905,0.107511543,0.002254911
GA,Habersham,0.235468645,0.026612722,0.411373342,0.124747134,0.199168352,0.002629804
GA,Hall,0.226014832,0.030459514,0.437032867,0.152904234,0.152234474,0.00135408
GA,Haralson,0.240446332,0.001645765,0.477041572,0.124979428,0.150817945,0.005068958
GA,Harris,0.220584849,0.00636081,0.520291273,0.060298181,0.192464886,0
GA,Hart,0.211713253,0.003726944,0.46913862,0.107663054,0.207758129,0
GA,Henry,0.243926497,0.020911508,0.534394253,0.075939847,0.124326479,0.000501416
GA,Houston,0.251713878,0.023579,0.483735201,0.108318354,0.132653567,0
GA,Jackson,0.255973809,0.017046524,0.468584975,0.116340328,0.142054363,0
GA,Jones,0.25681487,0.005153357,0.458328891,0.1070832,0.172619682,0
GA,Laurens,0.238360314,0.018070933,0.459632032,0.107791171,0.17614555,0
GA,Lee,0.265646035,0.010519395,0.528411759,0.048620895,0.146801916,0
GA,Liberty,0.309997348,0.034632723,0.434367542,0.099655264,0.120604614,0.000742509
GA,Lowndes,0.263613399,0.018002953,0.443002508,0.140723676,0.134604095,5.34E-05
GA,Lumpkin,0.194655365,0.001589264,0.554211549,0.084230973,0.164930249,0.000382601
GA,McDuffie,0.242770522,0,0.524160448,0.045895522,0.187173507,0
GA,Madison,0.270303822,0.002972885,0.393237504,0.145606011,0.187879778,0
GA,Meriwether,0.208576998,0.020662768,0.459405458,0.097465887,0.211988304,0.001900585
GA,Mitchell,0.269559742,0.020727292,0.370310122,0.196620664,0.14278218,0
GA,Monroe,0.192831463,0.011657043,0.503359117,0.081018266,0.21113411,0
GA,Morgan,0.221553958,0.025133245,0.482470295,0.079947191,0.190895311,0
GA,Murray,0.253855099,0.018125284,0.44817736,0.122503666,0.154456747,0.002881844
GA,Muscogee,0.257690785,0.010743248,0.480969683,0.107087397,0.143508886,0
GA,Newton,0.26446454,0.014963768,0.534884938,0.054518343,0.131168412,0
GA,Oconee,0.276278095,0.007662746,0.501432398,0.038965879,0.175660883,0
GA,Paulding,0.272661019,0.013438901,0.527924346,0.063451436,0.118373106,0.004151192
GA,Peach,0.202893449,0,0.463550283,0.11556197,0.217994298,0
GA,Pickens,0.196647781,0.000501653,0.470343484,0.099445231,0.233061851,0
GA,Polk,0.276626706,0.009608944,0.445568568,0.119372647,0.148823135,0
GA,Putnam,0.160266667,0,0.463288889,0.110355556,0.248177778,0.017911111
GA,Richmond,0.250429264,0.007765896,0.457065765,0.126702052,0.157619502,0.000417521
GA,Rockdale,0.223921085,0.029453707,0.477285155,0.116110009,0.153230043,0
GA,Spalding,0.216267302,0.022399167,0.44896562,0.123440988,0.188510195,0.000416729
GA,Stephens,0.230113531,0.016043179,0.416229295,0.149302066,0.18831193,0
GA,Sumter,0.261576182,0.001576182,0.46910683,0.103397548,0.164343257,0
GA,Tattnall,0.371507903,0.002904742,0.368005126,0.139470312,0.118111918,0
GA,Thomas,0.219948681,0.03651556,0.454964142,0.10573064,0.181963726,0.000877251
GA,Tift,0.270042298,0.010180995,0.44297167,0.131443045,0.145361991,0
GA,Toombs,0.252293406,0.049799678,0.431459917,0.106189389,0.156513274,0.003744337
GA,Troup,0.235511804,0.012959658,0.494968259,0.094067226,0.162493052,0
GA,Union,0.167401772,0.010277991,0.344272245,0.106624044,0.370533727,0.00089022
GA,Upson,0.208539129,0.015695313,0.444810303,0.121757582,0.201587824,0.007609849
GA,Walker,0.221788497,0.011428571,0.470248609,0.098434137,0.197580705,0.000519481
GA,Walton,0.239322048,0.015447657,0.468592468,0.105841304,0.170005376,0.000791147
GA,Ware,0.259984108,0.021101268,0.399423173,0.144206716,0.175284735,0
GA,Washington,0.304191684,0.004601313,0.388418158,0.120475843,0.178721733,0.003591269
GA,Wayne,0.250017594,0.033042438,0.383489338,0.161341403,0.172109227,0
GA,White,0.230563677,0.010563048,0.444999843,0.090037411,0.223836021,0
GA,Whitfield,0.250240041,0.017645445,0.429653362,0.156555562,0.144602512,0.001303078
GA,Worth,0.251654006,0,0.394217104,0.161087969,0.193040921,0
HI,Hawaii,0.210893209,0.007592056,0.518878284,0.033866135,0.227090921,0.001679395
HI,Honolulu,0.226889654,0.005905895,0.541221687,0.030162288,0.194099819,0.001720657
HI,Kauai,0.227773342,0.010421542,0.515652964,0.03396294,0.210908891,0.001280322
HI,Maui,0.219799864,0.006689641,0.540896498,0.034793506,0.197820492,0
ID,Ada,0.231634344,0.011339842,0.543255496,0.058296481,0.154019604,0.001454233
ID,Bannock,0.265795257,0.003937368,0.525501328,0.056290633,0.148475414,0
ID,Bingham,0.291287894,0.034675661,0.4646045,0.060301921,0.148019415,0.001110608
ID,Blaine,0.221354691,0.030546947,0.499778645,0.068217491,0.180102226,0
ID,Bonner,0.196191751,0.011862757,0.448777224,0.086993552,0.256174717,0
ID,Bonneville,0.302355043,0.012487312,0.482048014,0.070013927,0.132718017,0.000377688
ID,Canyon,0.25829622,0.027168182,0.498699484,0.071464311,0.144078205,0.000293598
ID,Cassia,0.319519151,0.041695246,0.425652504,0.098444099,0.113569907,0.001119093
ID,Elmore,0.304398975,0.020881476,0.424856098,0.089323978,0.156800134,0.003739339
ID,Jefferson,0.290139616,0.060645724,0.451851159,0.080559711,0.11680379,0
ID,Jerome,0.263419713,0.029230295,0.459972235,0.091469998,0.155907759,0
ID,Kootenai,0.222092295,0.013288051,0.508375669,0.063105655,0.192562048,0.000576282
ID,Latah,0.182745918,0.039227399,0.57335225,0.064018319,0.140058742,0.000597372
ID,Madison,0.30552818,0.007270496,0.579222373,0.035571506,0.072407445,0
ID,Minidoka,0.232827223,0.029341405,0.425425963,0.139383879,0.17302153,0
ID,Nez Perce,0.223498995,0.012280954,0.492219669,0.066743273,0.204754381,0.000502729
ID,Payette,0.31444835,0.008519254,0.495110024,0.035605134,0.146317237,0
ID,Twin Falls,0.277112533,0.013006113,0.441615173,0.103544029,0.164722152,0
IL,Adams,0.244044088,0.004824055,0.52519749,0.02802323,0.197739407,0.00017173
IL,Boone,0.248010134,0.006654945,0.511012799,0.070330668,0.163991454,0
IL,Bureau,0.203848282,0.020440155,0.506454786,0.055418946,0.213837831,0
IL,Champaign,0.221430493,0.008964421,0.59872356,0.040268982,0.128690549,0.001921995
IL,Christian,0.234951085,0.002103183,0.51738313,0.03556292,0.209585418,0.000414263
IL,Clinton,0.215433991,0.012027988,0.5368068,0.054183774,0.181055919,0.000491528
IL,Coles,0.187716131,0.009982818,0.561473716,0.067813567,0.173013767,0
IL,Cook,0.220905439,0.007998462,0.538302172,0.079394523,0.151441911,0.001957494
IL,DeKalb,0.236465582,0.003754693,0.578282854,0.051214018,0.129932416,0.000350438
IL,DuPage,0.232610216,0.005632596,0.556161422,0.041432111,0.16347824,0.000685414
IL,Effingham,0.262158678,0.002578226,0.51760811,0.039845306,0.1775167,0.00029298
IL,Fayette,0.240211026,0.01713373,0.461110304,0.074730168,0.206814772,0
IL,Franklin,0.214646124,0.021559051,0.498637382,0.061412266,0.20250398,0.001241197
IL,Fulton,0.218099783,0.006881553,0.533158048,0.020644659,0.220371993,0.000843964
IL,Grundy,0.259641913,0.001407995,0.574690336,0.019921228,0.140495082,0.003843446
IL,Henry,0.228139954,0.003770224,0.524537526,0.036749322,0.206802975,0
IL,Iroquois,0.219005141,0.005556396,0.525438464,0.040898095,0.209101905,0
IL,Jackson,0.195929095,0.01580785,0.577351034,0.041495607,0.16738288,0.002033534
IL,Jefferson,0.209427071,0.034581146,0.483536864,0.070389181,0.201751883,0.000313855
IL,Jersey,0.215066021,0,0.556806308,0.058088724,0.170038947,0
IL,Jo Daviess,0.183828579,0.000274713,0.504097798,0.027242342,0.284556568,0
IL,Kane,0.252766051,0.005738589,0.534947263,0.059877438,0.145001145,0.001669514
IL,Kankakee,0.238281435,0.005979102,0.527935691,0.049939734,0.176677707,0.00118633
IL,Kendall,0.295991086,0.001256291,0.561225482,0.034233924,0.106859497,0.000433719
IL,Knox,0.216776422,0.006391018,0.488804923,0.059570334,0.227572061,0.000885242
IL,Lake,0.248836515,0.007650388,0.528260171,0.061853129,0.151381985,0.002017812
IL,LaSalle,0.216818623,0.007099688,0.540537992,0.040269279,0.195274418,0
IL,Lee,0.220280392,0.002432623,0.535945202,0.034760899,0.204756418,0.001824467
IL,Livingston,0.219155165,0.011292346,0.517416502,0.065005676,0.18713031,0
IL,Logan,0.216114191,0.003106445,0.569108568,0.017773583,0.193621957,0.000275255
IL,McDonough,0.187873064,0.02157159,0.551832263,0.066301473,0.172421609,0
IL,McHenry,0.236445681,0.00541624,0.565551679,0.038168678,0.154052981,0.000364741
IL,McLean,0.231159148,0.005733405,0.573799219,0.046390601,0.142617726,0.000299901
IL,Macon,0.229668787,0.014883175,0.5052116,0.040030264,0.209350018,0.000856156
IL,Macoupin,0.222386565,0.000796432,0.53019615,0.040686297,0.205934556,0
IL,Madison,0.229704776,0.003059831,0.545886016,0.042654499,0.178240864,0.000454015
IL,Marion,0.247663551,0.005596609,0.509046946,0.052325581,0.185367311,0
IL,Monroe,0.240723642,0.00317387,0.547838883,0.019418316,0.188845288,0
IL,Montgomery,0.217215014,0.008032129,0.521933889,0.03197405,0.219647822,0.001197096
IL,Morgan,0.206499727,0.002185863,0.548780096,0.035295252,0.207239063,0
IL,Ogle,0.234421539,0.005329989,0.515911585,0.048969274,0.195367612,0
IL,Peoria,0.254172676,0.002488617,0.509159809,0.060241509,0.173015469,0.00092192
IL,Perry,0.231454165,0,0.535911602,0.032934614,0.199699619,0
IL,Randolph,0.222045274,0.014598263,0.502862776,0.053729193,0.205778637,0.000985857
IL,Rock Island,0.234254938,0.00818914,0.489669304,0.0636775,0.203817804,0.000391314
IL,St. Clair,0.247586335,0.006510438,0.527184004,0.047881787,0.170837437,0
IL,Saline,0.207265424,0.00873248,0.531153124,0.049382177,0.203466795,0
IL,Sangamon,0.224006033,0.004961385,0.547754635,0.037142783,0.185823127,0.000312037
IL,Shelby,0.223375364,0.00800194,0.514064016,0.025169738,0.229388943,0
IL,Stephenson,0.202550292,0.00874649,0.478248861,0.078971597,0.23148276,0
IL,Tazewell,0.231117234,0.008828916,0.530290697,0.03771857,0.190205225,0.001839358
IL,Vermilion,0.24807512,0.005043043,0.492385715,0.052561298,0.201934824,0
IL,Whiteside,0.230464886,0.008810492,0.510129318,0.041359856,0.208704253,0.000531194
IL,Will,0.247389851,0.007811991,0.554055013,0.05200033,0.138453321,0.000289494
IL,Williamson,0.220954003,0.004073099,0.531392287,0.046043054,0.194579526,0.00295803
IL,Winnebago,0.237729507,0.011213015,0.510263699,0.058428533,0.181882542,0.000482703
IL,Woodford,0.24836133,0.009951437,0.535679219,0.023830374,0.18217764,0
IN,Adams,0.210185316,0.112717499,0.422181355,0.107822889,0.139369076,0.007723865
IN,Allen,0.251001425,0.016715948,0.517405199,0.067894424,0.145892664,0.00109034
IN,Bartholomew,0.249173301,0.000195958,0.546797306,0.043821188,0.160012247,0
IN,Boone,0.268600913,0.002097043,0.556061421,0.034007974,0.139232648,0
IN,Carroll,0.200589826,0.01779307,0.481199312,0.04762841,0.252789383,0
IN,Cass,0.240725653,0.005513009,0.503693444,0.061023301,0.178235837,0.010808756
IN,Clark,0.224687224,0.010218304,0.544159732,0.052196647,0.166445366,0.002292727
IN,Clay,0.22984556,0.005328185,0.541196911,0.038416988,0.185212355,0
IN,Clinton,0.260757394,0.025277189,0.47317178,0.079117909,0.161675727,0
IN,Daviess,0.15628127,0.162285091,0.396161193,0.121228661,0.162982504,0.001061281
IN,Dearborn,0.236242545,0.003737575,0.537455268,0.038568588,0.183996024,0
IN,Decatur,0.244598199,0,0.570522979,0.011480036,0.172007267,0.001391519
IN,DeKalb,0.238268921,0.018680882,0.515138762,0.059058708,0.168852727,0
IN,Delaware,0.211264278,0.003280417,0.560687706,0.056030605,0.168119076,0.000617918
IN,Dubois,0.2600643,0.00363433,0.53119467,0.028678595,0.176428105,0
IN,Elkhart,0.253741108,0.035401989,0.466353219,0.093760833,0.14687114,0.003871711
IN,Fayette,0.194810927,0.004561283,0.537593801,0.021727402,0.241306587,0
IN,Floyd,0.229556936,0.008453117,0.558938762,0.044344222,0.158706963,0
IN,Franklin,0.219654447,0.012497807,0.535213121,0.036221715,0.19641291,0
IN,Fulton,0.196710218,0.015459893,0.479308729,0.07027224,0.236947582,0.001301338
IN,Gibson,0.241832485,0.020175845,0.522350764,0.041585686,0.174055221,0
IN,Grant,0.218104737,0.006816726,0.50857047,0.072559246,0.193948821,0
IN,Greene,0.21032944,0.02437984,0.493109332,0.07399265,0.197401234,0.000787505
IN,Hamilton,0.2657267,0.013238468,0.546195852,0.041715053,0.132750055,0.000373872
IN,Hancock,0.241361076,0.008645072,0.52899727,0.051907327,0.16811776,0.000971495
IN,Harrison,0.206584237,0.016486033,0.56088129,0.036711952,0.179336488,0
IN,Hendricks,0.247153762,0.016354889,0.560945478,0.033197137,0.141595027,0.000753708
IN,Henry,0.224947211,0.00206757,0.525954601,0.053954777,0.19307584,0
IN,Howard,0.231170768,0.007469346,0.526680603,0.041405362,0.193273921,0
IN,Huntington,0.219929099,0.012641183,0.53928385,0.055099068,0.172854434,0.000192366
IN,Jackson,0.223910172,0.028027301,0.491809775,0.089762219,0.159753413,0.00673712
IN,Jasper,0.229183212,0.000580365,0.562404545,0.02892663,0.178905248,0
IN,Jay,0.232236481,0.010635642,0.540270635,0.022020273,0.19483697,0
IN,Jefferson,0.210390016,0.020093604,0.540873635,0.045897036,0.180873635,0.001872075
IN,Jennings,0.217192737,0.030717101,0.504732791,0.07465655,0.172700821,0
IN,Johnson,0.250086383,0.008539625,0.545918997,0.04772071,0.146981514,0.00075277
IN,Knox,0.218745563,0.001561657,0.524063716,0.072574463,0.183054601,0
IN,Kosciusko,0.226211894,0.021262408,0.496018016,0.081627518,0.173848496,0.001031667
IN,LaGrange,0.161756697,0.178566124,0.318735456,0.201787394,0.127419914,0.011734416
IN,Lake,0.228828249,0.016207623,0.515284276,0.068438927,0.170755486,0.00048544
IN,LaPorte,0.242103551,0.005377527,0.525495412,0.033212451,0.193533571,0.000277488
IN,Lawrence,0.23284501,0.007572013,0.516155125,0.045409608,0.198018245,0
IN,Madison,0.225795685,0.005443637,0.502189375,0.077951285,0.188365717,0.000254301
IN,Marion,0.248971593,0.012426125,0.537085532,0.072907971,0.127147127,0.001461652
IN,Marshall,0.222219781,0.040783142,0.485244677,0.073765629,0.176954009,0.001032763
IN,Miami,0.22852254,0.00808355,0.523808119,0.05912202,0.180463772,0
IN,Monroe,0.210166248,0.005237071,0.59365221,0.052090152,0.136775317,0.002079002
IN,Montgomery,0.233733401,0.002741038,0.551294675,0.033185193,0.179045693,0
IN,Morgan,0.222237843,0.013566518,0.532215209,0.057963476,0.174016955,0
IN,Noble,0.222150842,0.044434451,0.483703799,0.083772324,0.165938584,0
IN,Owen,0.209671344,0.020340898,0.545343253,0.070910632,0.151332517,0.002401356
IN,Porter,0.225498754,0.003404998,0.563165897,0.031760714,0.175926836,0.000242801
IN,Posey,0.235379061,0.004452467,0.550140393,0.013678299,0.196349779,0
IN,Putnam,0.205751116,0.010615649,0.541456444,0.05777363,0.184403161,0
IN,Randolph,0.236977439,0.002115129,0.529114134,0.03263935,0.199153948,0
IN,Ripley,0.248658256,0.001184917,0.509758138,0.060848958,0.179305778,0.000243953
IN,St. Joseph,0.234642833,0.016114928,0.529895433,0.055796409,0.162116395,0.001434003
IN,Scott,0.240139408,0,0.552618157,0.022611357,0.184631078,0
IN,Shelby,0.232434502,0.003288955,0.5378793,0.056903426,0.169493816,0
IN,Spencer,0.231306031,0.010034637,0.518286471,0.034892013,0.205480848,0
IN,Starke,0.244395003,0.002353243,0.516344344,0.038678761,0.19822865,0
IN,Steuben,0.219685748,0,0.523801226,0.04185182,0.214661206,0
IN,Sullivan,0.241532634,0.001646813,0.461107756,0.084865785,0.210847011,0
IN,Tippecanoe,0.224877316,0.011727062,0.591179655,0.053808736,0.118407231,0
IN,Vanderburgh,0.225101242,0.007490214,0.540694198,0.055262891,0.171451455,0
IN,Vigo,0.23141994,0.003576649,0.534869896,0.064282234,0.165851282,0
IN,Wabash,0.215506531,0.013196333,0.532151372,0.043517679,0.194553574,0.001074511
IN,Warrick,0.243535157,0.007388391,0.539117776,0.028708284,0.181250391,0
IN,Washington,0.22368516,0.019875911,0.496176322,0.080152947,0.177909242,0.002200418
IN,Wayne,0.228099912,0.010724687,0.521857713,0.056843922,0.182273449,0.000200317
IN,Wells,0.238169207,0.015497435,0.496857163,0.076909183,0.172567011,0
IN,White,0.241444091,0.008372131,0.462835906,0.08613085,0.199501756,0.001715266
IN,Whitley,0.252703772,0.003546411,0.500395674,0.055687447,0.187666696,0
IA,Benton,0.243939751,0.012512748,0.528202714,0.031458382,0.183886405,0
IA,Black Hawk,0.236905783,0.005697675,0.541201846,0.043385826,0.172808869,0
IA,Boone,0.208086709,0.016411715,0.564186333,0.027250365,0.184064878,0
IA,Bremer,0.255737969,0.002783268,0.53684805,0.014602073,0.190028639,0
IA,Buchanan,0.249242202,0.020973893,0.519018285,0.030751931,0.180013689,0
IA,Buena Vista,0.296211419,0.005265981,0.513481886,0.033692525,0.151348189,0
IA,Carroll,0.25157694,0.005183121,0.51112415,0.029338419,0.202337294,0.000440076
IA,Cerro Gordo,0.222264249,0.004704381,0.504385239,0.050802581,0.21784355,0
IA,Clinton,0.265841271,0,0.5042178,0.036772239,0.19316869,0
IA,Dallas,0.254209243,0.019430252,0.58163996,0.025865072,0.118855473,0
IA,Des Moines,0.215086003,0,0.526247962,0.041844195,0.216401031,0.000420809
IA,Dubuque,0.241275763,0.001721788,0.542906337,0.026892685,0.186250295,0.000953133
IA,Fayette,0.224602881,0.010238007,0.519130297,0.039104966,0.20613225,0.000791599
IA,Henry,0.236136234,0.009354489,0.528451083,0.029613934,0.195875756,0.000568505
IA,Jasper,0.221721972,0.00780946,0.543744094,0.029264632,0.197459841,0
IA,Johnson,0.212451799,0.006537781,0.610160313,0.042541253,0.126351435,0.00195742
IA,Jones,0.240166472,0.004973862,0.512358524,0.020707506,0.221793635,0
IA,Lee,0.217337036,0.002215496,0.547321122,0.030517677,0.201454114,0.001154554
IA,Linn,0.239883274,0.002808123,0.564322749,0.028336517,0.163795456,0.000853881
IA,Mahaska,0.241249079,0.010731393,0.529891304,0.035464259,0.182663965,0
