State,County,Income in the past 12 months below poverty level:!!Under 18 years,Income in the past 12 months below poverty level:!!18 to 64 years,Income in the past 12 months below poverty level:!!65 years and over,Income in the past 12 months at or above poverty level:!!Under 18 years,Income in the past 12 months at or above poverty level:!!18 to 64 years,Income in the past 12 months at or above poverty level:!!65 years and over
AL,Autauga,0.013788161,0.042303032,0.006160304,0.218426307,0.567737752,0.151584444
AL,Baldwin,0.036674526,0.059861085,0.01103252,0.174124344,0.515682151,0.202625374
AL,Barbour,0.035158581,0.06953688,0.01629412,0.200302933,0.491164456,0.18754303
AL,Bibb,0.088238025,0.112653175,0.003063498,0.111585592,0.501438916,0.183020795
AL,Blount,0.024664907,0.061070927,0.01436358,0.202324226,0.532138082,0.165438278
AL,Butler,0.067263869,0.113520876,0.025878778,0.151448478,0.479386034,0.162501964
AL,Calhoun,0.053793312,0.121733882,0.022614314,0.16248935,0.478503976,0.160865166
AL,Chambers,0.078739464,0.085817498,0.021057887,0.13122265,0.489412318,0.193750184
AL,Cherokee,0.060517812,0.131367934,0.033749551,0.10069015,0.483145171,0.190529381
AL,Chilton,0.036650735,0.085518381,0.016594452,0.19477822,0.524232814,0.142225399
AL,Clarke,0.044407813,0.089315151,0.034067636,0.156551276,0.509815675,0.16584245
AL,Coffee,0.067475801,0.085015382,0.019396713,0.170124559,0.510936445,0.147051099
AL,Colbert,0.053060511,0.094281217,0.033543197,0.156838055,0.489856593,0.172420427
AL,Covington,0.066772569,0.106432245,0.030478447,0.161842708,0.458145984,0.176328047
AL,Cullman,0.035247134,0.064043885,0.030513114,0.18552422,0.528965022,0.155706625
AL,Dale,0.038236944,0.08329004,0.02015752,0.189709275,0.510276179,0.158330043
AL,Dallas,0.098071477,0.122993931,0.035306811,0.132191504,0.451759946,0.159676332
AL,DeKalb,0.088288977,0.104418693,0.020586612,0.154279327,0.481811622,0.150614769
AL,Elmore,0.032993929,0.066379935,0.015683106,0.194494279,0.534271151,0.156177599
AL,Escambia,0.076420326,0.142032594,0.037488683,0.13201675,0.449949072,0.162092576
AL,Etowah,0.04925284,0.095246949,0.023975652,0.166087663,0.501071565,0.16436533
AL,Franklin,0.063772776,0.116039342,0.030389004,0.190467184,0.465418322,0.133913372
AL,Geneva,0.058979975,0.158283792,0.038642053,0.160395807,0.410826033,0.17287234
AL,Houston,0.063024894,0.108782435,0.023820284,0.163474937,0.480811961,0.160085489
AL,Jackson,0.080381419,0.127541837,0.018668862,0.124133573,0.459311454,0.189962854
AL,Jefferson,0.054800857,0.092486273,0.019171675,0.177465077,0.510494122,0.145581997
AL,Lauderdale,0.052955652,0.102019578,0.015176645,0.151582165,0.492633907,0.185632053
AL,Lawrence,0.009919481,0.037198053,0.013072896,0.204573983,0.573401096,0.161834492
AL,Lee,0.044374971,0.138630955,0.011058747,0.17179553,0.512831879,0.121307918
AL,Limestone,0.012784023,0.050503599,0.027350526,0.213840094,0.563809907,0.131711852
AL,Macon,0.05228269,0.104618839,0.036833102,0.116967818,0.53688656,0.152410991
AL,Madison,0.028104751,0.05567671,0.013902201,0.193502556,0.564119105,0.144694677
AL,Marion,0.037102412,0.085003288,0.058560897,0.159658049,0.519364552,0.140310802
AL,Marshall,0.0508361,0.090331759,0.013216767,0.204787728,0.487391493,0.153436153
AL,Mobile,0.055018772,0.101885612,0.019802127,0.178204358,0.495023601,0.150065531
AL,Monroe,0.06067088,0.123091881,0.022800194,0.120126398,0.460719494,0.212591152
AL,Montgomery,0.086378327,0.109628932,0.022464308,0.150127773,0.491718744,0.139681916
AL,Morgan,0.026505171,0.084365325,0.018921678,0.206590475,0.500666952,0.162950399
AL,Pickens,0.042268869,0.079146593,0.022310163,0.188173893,0.456010553,0.212089929
AL,Pike,0.052430644,0.178098753,0.022970221,0.160314329,0.448237465,0.137948587
AL,Randolph,0.065646938,0.17471756,0.026686503,0.147054721,0.481240411,0.104653866
AL,Russell,0.078967729,0.137114661,0.025411344,0.164847068,0.473118649,0.12054055
AL,St. Clair,0.044766612,0.083031301,0.022580999,0.179824272,0.514255903,0.155540912
AL,Shelby,0.017439854,0.046247877,0.014110509,0.211895128,0.560132098,0.150174533
AL,Talladega,0.059132517,0.106613624,0.025581605,0.153940237,0.483591467,0.171140551
AL,Tallapoosa,0.049251545,0.102177097,0.032197205,0.153215997,0.469279845,0.193878311
AL,Tuscaloosa,0.033398548,0.090422721,0.01397324,0.184021178,0.545823327,0.132360986
AL,Walker,0.074143624,0.120479477,0.028465017,0.152371563,0.453828459,0.17071186
AL,Winston,0.080999439,0.147585552,0.021015837,0.108186251,0.449229707,0.192983213
AK,Anchorage Municipality,0.029281526,0.05253627,0.009061393,0.213045293,0.577913121,0.118162398
AK,Fairbanks North Star Borough,0.005155484,0.046027984,0.012779483,0.236431357,0.583356089,0.116249604
AK,Juneau City and Borough,0.02286131,0.040205466,0.002504915,0.178039191,0.618713932,0.137675185
AK,Kenai Peninsula Borough,0.027976689,0.073556304,0.015210295,0.193785996,0.512040059,0.177430656
AK,Matanuska-Susitna Borough,0.036126952,0.064668829,0.009551232,0.221411532,0.542426106,0.125815349
AZ,Apache,0.087799619,0.168895903,0.028672771,0.18414638,0.386871465,0.143613863
AZ,Cochise,0.058001182,0.072464009,0.037468464,0.158741393,0.464284227,0.209040724
AZ,Coconino,0.033801199,0.121977582,0.014633077,0.181749469,0.509300621,0.138538053
AZ,Gila,0.027754591,0.072469267,0.039326908,0.165939445,0.433715283,0.260794506
AZ,Graham,0.089975076,0.123179175,0.019994461,0.195873719,0.440348934,0.130628635
AZ,La Paz,0.035004927,0.071773064,0.034590053,0.173831873,0.367422082,0.317378001
AZ,Maricopa,0.034630916,0.063080327,0.014297142,0.195359076,0.548255027,0.144377511
AZ,Mohave,0.05367208,0.08973359,0.038503682,0.109257041,0.432900614,0.275932993
AZ,Navajo,0.088470504,0.137069113,0.030349258,0.169626106,0.399372738,0.175112282
AZ,Pima,0.040702996,0.085010548,0.020110966,0.162934933,0.502150634,0.189089923
AZ,Pinal,0.028460842,0.051681693,0.018742956,0.198514605,0.504415541,0.198184363
AZ,Santa Cruz,0.084709966,0.114152482,0.024695747,0.178077036,0.422148802,0.176215968
AZ,Yavapai,0.029458412,0.067056592,0.027956331,0.124034976,0.437344757,0.314148933
AZ,Yuma,0.064756668,0.082629729,0.021999539,0.192036497,0.460593131,0.177984436
AR,Baxter,0.017537975,0.089103455,0.023815228,0.160812689,0.425894868,0.282835785
AR,Benton,0.029096916,0.035794345,0.009104641,0.226750402,0.574847739,0.124405957
AR,Boone,0.022726057,0.057884605,0.011844286,0.20458799,0.508849794,0.194107267
AR,Carroll,0.073479128,0.11308591,0.02518165,0.141864938,0.44472147,0.201666904
AR,Clark,0.074219998,0.089181131,0.025077202,0.143861144,0.453306357,0.214354169
AR,Cleburne,0.072900286,0.104955445,0.018184751,0.124269183,0.43074876,0.248941575
AR,Columbia,0.133533199,0.104241412,0.026834423,0.10281614,0.43632968,0.196245147
AR,Conway,0.072361213,0.100255661,0.01419832,0.140887509,0.489271366,0.183025931
AR,Craighead,0.072945224,0.113856741,0.018381203,0.17499862,0.497948444,0.121869768
AR,Crawford,0.053637785,0.081650497,0.011770047,0.187194189,0.504296067,0.161451415
AR,Crittenden,0.085466433,0.108136404,0.028823555,0.181359771,0.482372548,0.113841289
AR,Faulkner,0.031398668,0.093369723,0.02293555,0.198399185,0.542540938,0.111355935
AR,Garland,0.02848624,0.079787663,0.025393851,0.170131754,0.483369596,0.212830896
AR,Greene,0.014552829,0.072407568,0.021773529,0.215618105,0.537162087,0.138485882
AR,Hempstead,0.05136612,0.178870674,0.029300026,0.163726256,0.466198283,0.110538642
AR,Hot Spring,0.080949759,0.09387451,0.021768002,0.137961193,0.473972336,0.191474199
AR,Independence,0.065916225,0.152830393,0.025408594,0.160975214,0.443527438,0.151342137
AR,Jefferson,0.050996512,0.085026939,0.020454285,0.183269738,0.486071762,0.174180764
AR,Johnson,0.065496474,0.107813614,0.031341628,0.201125287,0.452888501,0.141334496
AR,Logan,0.027556994,0.06334777,0.032887535,0.196420922,0.517538432,0.162248346
AR,Lonoke,0.036886354,0.07073151,0.009569637,0.213519139,0.539211181,0.13008218
AR,Miller,0.086150464,0.10407914,0.03246214,0.153810454,0.488251099,0.135246702
AR,Mississippi,0.077837503,0.125723589,0.037135621,0.183352284,0.458652057,0.117298946
AR,Ouachita,0.09443914,0.076660756,0.045241668,0.133724367,0.487109535,0.162824535
AR,Poinsett,0.076950592,0.11486698,0.040152023,0.16861167,0.468812877,0.130605857
AR,Polk,0.07395191,0.099287729,0.027725991,0.184186625,0.437783833,0.177063913
AR,Pope,0.076644796,0.143045073,0.011642248,0.162991466,0.454590301,0.151086116
AR,Pulaski,0.063805784,0.100241747,0.016075517,0.169839219,0.503477827,0.146559906
AR,St. Francis,0.106995054,0.13515696,0.033915413,0.124558393,0.44357525,0.15579893
AR,Saline,0.026234742,0.036731864,0.018978667,0.2015657,0.555073609,0.161415418
AR,Sebastian,0.06199882,0.126962871,0.025786344,0.167392032,0.48647313,0.131386803
AR,Union,0.050167754,0.09021742,0.026814255,0.207935963,0.460069215,0.164795393
AR,Washington,0.036307936,0.079197047,0.007596839,0.208463044,0.550093722,0.118341412
AR,White,0.051531337,0.097153675,0.025420864,0.187100264,0.497843283,0.140950578
AR,Yell,0.031050792,0.07685585,0.019895126,0.167849064,0.549917746,0.154431421
CA,Alameda,0.019611318,0.058076847,0.015794902,0.181679964,0.590902972,0.133933997
CA,Amador,0.004944997,0.042204358,0.029828644,0.152818913,0.521895494,0.248307595
CA,Butte,0.034289338,0.113899595,0.016640776,0.171771149,0.496725921,0.166673221
CA,Calaveras,0.035312091,0.083566128,0.048799651,0.137407246,0.447184636,0.247730249
CA,Colusa,0.042565108,0.046158872,0.014701764,0.236395034,0.567861477,0.092317745
CA,Contra Costa,0.026351494,0.049820252,0.011722667,0.193942349,0.563270132,0.154893105
CA,Del Norte,0.0660426,0.115862124,0.036690334,0.186743882,0.450993614,0.143667447
CA,El Dorado,0.029740359,0.050759939,0.012731711,0.165877346,0.528488572,0.212402074
CA,Fresno,0.077293682,0.10018057,0.017809054,0.205279381,0.491633469,0.107803844
CA,Glenn,0.072549911,0.103143247,0.010838782,0.197475613,0.45606797,0.159924478
CA,Humboldt,0.047520583,0.123636227,0.028572503,0.140223317,0.490311666,0.169735704
CA,Imperial,0.053848326,0.081190146,0.02861832,0.242652768,0.478581849,0.115108591
CA,Kern,0.07588622,0.09362075,0.016547348,0.217110302,0.49704218,0.0997932
CA,Kings,0.07626513,0.091507842,0.008479633,0.226850453,0.488893964,0.108002976
CA,Lake,0.023916492,0.075663894,0.029135715,0.172990525,0.4838901,0.214403274
CA,Lassen,0.078824031,0.124584576,0.018023008,0.129569663,0.454708138,0.194290584
CA,Los Angeles,0.038896988,0.082540503,0.020255124,0.171550918,0.560978687,0.125777779
CA,Madera,0.088894154,0.103207507,0.025717971,0.199472216,0.454881676,0.127826476
CA,Marin,0.014949394,0.042785658,0.017433798,0.178611468,0.526185854,0.220033829
CA,Mariposa,0.00301083,0.044982699,0.01325664,0.145867973,0.531613715,0.261268144
CA,Mendocino,0.037141744,0.093383049,0.028582559,0.173042462,0.456775558,0.211074629
CA,Merced,0.09357677,0.116321322,0.024672057,0.200189181,0.470707287,0.094533383
CA,Monterey,0.037953164,0.060413105,0.017064895,0.228446564,0.524769896,0.131352376
CA,Napa,0.020440546,0.050910506,0.018457117,0.177864932,0.550375355,0.181951544
CA,Nevada,0.02851657,0.064713316,0.043191191,0.137214565,0.49200145,0.234362908
CA,Orange,0.023161418,0.059641968,0.015706331,0.190372643,0.569326012,0.141791629
CA,Placer,0.017652123,0.032875459,0.015930204,0.202235071,0.546919867,0.184387275
CA,Riverside,0.039410175,0.062679586,0.013840493,0.207277423,0.540908886,0.135883438
CA,Sacramento,0.03930639,0.074779693,0.015699685,0.193895426,0.544550692,0.131768114
CA,San Benito,0.024285953,0.043474291,0.012356011,0.226410213,0.573017636,0.120455894
CA,San Bernardino,0.044039618,0.072359421,0.015398794,0.216430629,0.545135472,0.106636065
CA,San Diego,0.026267483,0.065487671,0.014321328,0.189303131,0.568431724,0.136188664
CA,San Francisco,0.014447489,0.071639264,0.027346453,0.121295716,0.616802496,0.148468584
CA,San Joaquin,0.041118253,0.063139744,0.015177288,0.225663368,0.538703831,0.116197516
CA,San Luis Obispo,0.030504043,0.090834343,0.015037204,0.148668319,0.507342674,0.207613418
CA,San Mateo,0.010643783,0.040927345,0.015389358,0.188175211,0.586297442,0.158566861
CA,Santa Barbara,0.041026063,0.099301374,0.017343338,0.186450884,0.509143301,0.14673504
CA,Santa Clara,0.015458292,0.039434285,0.013576956,0.197227964,0.602766759,0.131535744
CA,Santa Cruz,0.016113544,0.06646837,0.014036896,0.170589659,0.556826787,0.175964744
CA,Shasta,0.033441974,0.084812469,0.017056413,0.179805117,0.492159417,0.19272461
CA,Siskiyou,0.038036725,0.094482029,0.028901468,0.161167104,0.436191265,0.241221409
CA,Solano,0.029026281,0.05843858,0.011878,0.19219835,0.552198713,0.156260076
CA,Sonoma,0.019165168,0.053596621,0.017431405,0.17124037,0.544193248,0.194373188
CA,Stanislaus,0.05364477,0.070137215,0.014703006,0.214229966,0.527507819,0.119777225
CA,Sutter,0.06861608,0.091640722,0.014946177,0.179537269,0.500396801,0.144862951
CA,Tehama,0.029325287,0.088191376,0.031234125,0.221024923,0.450593433,0.179630855
CA,Tulare,0.073017838,0.09696718,0.015631391,0.231442492,0.483835625,0.099105476
CA,Tuolumne,0.023453388,0.063974152,0.028832082,0.153568374,0.476252019,0.253919985
CA,Ventura,0.026817121,0.04938167,0.011322838,0.192950804,0.562821713,0.156705854
CA,Yolo,0.017159186,0.11487319,0.018111684,0.189817272,0.543615892,0.116422777
CA,Yuba,0.067394954,0.075618598,0.008077662,0.21112625,0.512055668,0.125726868
CO,Adams,0.032560704,0.056663106,0.01008171,0.219063668,0.582840077,0.098790735
CO,Arapahoe,0.027570148,0.052987705,0.007760132,0.198274532,0.58133865,0.132068834
CO,Boulder,0.016596018,0.084481367,0.010120985,0.168347715,0.567844347,0.152609568
CO,Broomfield,0.01097903,0.032015494,0.008067317,0.200053426,0.60877521,0.140109523
CO,Chaffee,0.007290401,0.069311638,0.002747108,0.129748006,0.524591896,0.266310951
CO,Delta,0.044789313,0.06358249,0.029892283,0.150345415,0.466719052,0.244671447
CO,Denver,0.028926276,0.071816271,0.014863819,0.155864747,0.622368566,0.106160321
CO,Douglas,0.00563253,0.016358828,0.003646179,0.233350022,0.61315672,0.12785572
CO,Eagle,0.011436405,0.054837022,0.012013637,0.19909086,0.579558778,0.143063297
CO,Elbert,0.016034285,0.029186833,0.003140355,0.197657664,0.573502789,0.180478073
CO,El Paso,0.027319272,0.058983017,0.009234271,0.210317112,0.567162202,0.126984127
CO,Fremont,0.021851128,0.091008299,0.028830292,0.170900693,0.451640738,0.23576885
CO,Garfield,0.042852926,0.050528077,0.018203883,0.205802283,0.554808449,0.127804382
CO,Jefferson,0.014440174,0.043119064,0.014116089,0.174837695,0.593375003,0.160111976
CO,La Plata,0.014002032,0.067276254,0.010326037,0.161799206,0.544601459,0.201995012
CO,Larimer,0.023979036,0.080777281,0.013006392,0.166538794,0.559661287,0.156037211
CO,Logan,0.052332305,0.075125289,0.04115266,0.166489977,0.510312259,0.15458751
CO,Mesa,0.024928348,0.060317874,0.011822564,0.187884315,0.518408025,0.196638874
CO,Montezuma,0.031107361,0.090291895,0.019485252,0.178474167,0.453108818,0.227532507
CO,Montrose,0.057187632,0.072507836,0.009847032,0.153131871,0.469008748,0.238316883
CO,Morgan,0.064730581,0.079111267,0.005143457,0.183764871,0.50773268,0.159517145
CO,Otero,0.091130382,0.081647142,0.031086769,0.179420863,0.440641006,0.176073837
CO,Pueblo,0.039410799,0.101679983,0.021844602,0.18493688,0.482095875,0.170031862
CO,Routt,0.008154435,0.025561658,0.008087868,0.176734898,0.621667499,0.159793643
CO,Summit,0.003009417,0.012781931,0.003203572,0.161893667,0.6584474,0.160664013
CO,Teller,0.023446328,0.028934625,0.006053269,0.145359161,0.5937046,0.202502018
CO,Weld,0.032295692,0.057239762,0.009869956,0.226721859,0.558271621,0.11560111
CT,Fairfield,0.024619036,0.049050675,0.015060671,0.19709734,0.56501181,0.149160467
CT,Hartford,0.028112748,0.058630199,0.016333702,0.182535802,0.555373283,0.159014266
CT,Litchfield,0.01811879,0.055142483,0.019243367,0.157593624,0.5452069,0.204694836
CT,Middlesex,0.011511924,0.035679466,0.009430778,0.156879656,0.579296035,0.20720214
CT,New Haven,0.029923164,0.073102367,0.014955011,0.172399003,0.543366186,0.16625427
CT,New London,0.022128075,0.048070667,0.015912541,0.176571504,0.560157073,0.17716014
CT,Tolland,0.025221897,0.097089951,0.020114223,0.14982263,0.543702254,0.164049045
CT,Windham,0.040666655,0.072919827,0.009439517,0.159972163,0.550364911,0.166636927
DE,Kent,0.042338103,0.070814422,0.010332214,0.190529826,0.517396929,0.168588507
DE,New Castle,0.032724496,0.066702569,0.013321062,0.182982686,0.550216044,0.154053144
DE,Sussex,0.035953335,0.063345376,0.018285939,0.143940325,0.458152072,0.280322953
,District of Columbia,0.04589555,0.100737108,0.01808653,0.146402067,0.575600283,0.113278462
FL,Alachua,0.023375119,0.160921615,0.008052475,0.162237994,0.499332408,0.146080389
FL,Baker,0.087010293,0.119165403,0.012726402,0.167118806,0.469879518,0.144099577
FL,Bay,0.053165545,0.069088049,0.013574302,0.15545094,0.543826493,0.16489467
FL,Bradford,0.04847221,0.120265555,0.032598519,0.156098391,0.471274151,0.171291174
FL,Brevard,0.031326276,0.06135514,0.018163769,0.149723317,0.515893298,0.2235382
FL,Broward,0.033587922,0.065691179,0.026777807,0.174023075,0.551614573,0.148305444
FL,Charlotte,0.023460889,0.052330568,0.032663198,0.097752827,0.413461994,0.380330525
FL,Citrus,0.036692699,0.091438799,0.032919771,0.108423418,0.395346292,0.335179021
FL,Clay,0.022861835,0.041563655,0.006960726,0.201112986,0.562605483,0.164895315
FL,Collier,0.031776189,0.056692234,0.018351213,0.132302787,0.447432999,0.313444577
FL,Columbia,0.037348723,0.089630713,0.018386585,0.190290265,0.487540055,0.176803659
FL,DeSoto,0.134981858,0.175686801,0.028966064,0.101320243,0.357593682,0.201451352
FL,Duval,0.046715775,0.085291104,0.017804787,0.178433462,0.539697743,0.132057129
FL,Escambia,0.065500817,0.098404395,0.026141035,0.154481132,0.500639032,0.154833588
FL,Flagler,0.041067403,0.055824052,0.017618141,0.122478518,0.46889375,0.294118136
FL,Gadsden,0.126316305,0.175344076,0.009624333,0.102439144,0.397364941,0.188911201
FL,Gilchrist,0.035297607,0.085426142,0.008700811,0.190527981,0.509392921,0.170654538
FL,Hardee,0.041555471,0.159656034,0.017155928,0.181895201,0.456432414,0.143304952
FL,Hendry,0.065233805,0.165827755,0.02071274,0.19049177,0.437937283,0.119796648
FL,Hernando,0.027030855,0.066256955,0.021320182,0.155907941,0.481370764,0.248113303
FL,Highlands,0.015860887,0.08379133,0.034102376,0.151662993,0.388949302,0.325633113
FL,Hillsborough,0.043207922,0.081298573,0.018881483,0.176858729,0.550101363,0.129651931
FL,Indian River,0.031894253,0.064182717,0.025069449,0.121152579,0.436916766,0.320784236
FL,Jackson,0.053024362,0.118242303,0.032052417,0.168408004,0.433959878,0.194313036
FL,Lake,0.024493176,0.052022039,0.015404062,0.168034521,0.488202099,0.251844103
FL,Lee,0.030922604,0.063984224,0.028628139,0.141592636,0.471635866,0.263236532
FL,Leon,0.023321741,0.118793782,0.014467192,0.168661321,0.53868867,0.136067295
FL,Levy,0.080489979,0.103869095,0.021825079,0.115341545,0.452384761,0.22608954
FL,Manatee,0.024714922,0.051734939,0.018152009,0.150863799,0.491467234,0.263067097
FL,Marion,0.03200114,0.07015066,0.025525411,0.155890063,0.452680709,0.263752016
FL,Martin,0.032377594,0.053926454,0.032671471,0.13397603,0.459266074,0.287782378
FL,Miami-Dade,0.034819848,0.07865327,0.035930012,0.167527193,0.550198906,0.132870771
FL,Monroe,0.015729618,0.058832217,0.021895924,0.134907936,0.556629086,0.212005219
FL,Nassau,0.036610017,0.052813399,0.024385288,0.154258334,0.51108568,0.220847282
FL,Okaloosa,0.029818129,0.047242993,0.013936996,0.196584495,0.561850548,0.150566839
FL,Okeechobee,0.090770444,0.124059953,0.032553247,0.134288719,0.425506179,0.192821457
FL,Orange,0.044932553,0.090057617,0.015222705,0.174215645,0.56184655,0.11372493
FL,Osceola,0.049538356,0.067387249,0.020328807,0.191018363,0.558345425,0.113381799
FL,Palm Beach,0.029020643,0.060048961,0.02504588,0.159671034,0.50614174,0.220071743
FL,Pasco,0.035009758,0.058275648,0.021562198,0.168670773,0.51804909,0.198432533
FL,Pinellas,0.022332909,0.069272049,0.029417261,0.135016787,0.516369822,0.227591172
FL,Polk,0.051110811,0.083584612,0.022439321,0.170920154,0.494284362,0.17766074
FL,Putnam,0.101457591,0.177998169,0.03084573,0.111607448,0.37197929,0.206111771
FL,St. Johns,0.011170862,0.035723195,0.011312923,0.203944451,0.543643974,0.194204596
FL,St. Lucie,0.031979751,0.052370415,0.019273892,0.162161764,0.50754484,0.226669338
FL,Santa Rosa,0.022046001,0.043708037,0.007865953,0.202525638,0.563954201,0.159900169
FL,Sarasota,0.014872033,0.039375262,0.025502991,0.126354599,0.449006458,0.344888658
FL,Seminole,0.019685857,0.060040472,0.010255147,0.187973918,0.570228166,0.15181644
FL,Sumter,0.019780807,0.038437348,0.034388415,0.053634605,0.270681007,0.583077818
FL,Suwannee,0.052269984,0.117955622,0.047001207,0.137313156,0.473099062,0.172360969
FL,Taylor,0.039824751,0.076302058,0.011962194,0.272029142,0.448951462,0.150930393
FL,Volusia,0.030976018,0.078010262,0.026224519,0.145283111,0.493528815,0.225977274
FL,Wakulla,0,0.005450373,0.001434309,0.189328744,0.598648563,0.205138012
FL,Walton,0.053343389,0.089404185,0.022255174,0.149931611,0.506027177,0.179038464
FL,Washington,0.07014197,0.097604259,0.030567879,0.167125111,0.46863354,0.16592724
GA,Baldwin,0.06644527,0.181292819,0.02191308,0.138695675,0.425631505,0.166021652
GA,Barrow,0.025256291,0.059680801,0.009109972,0.223112768,0.562068966,0.120771202
GA,Bartow,0.038077176,0.063671676,0.010823182,0.194023999,0.560927128,0.13247684
GA,Bibb,0.103617731,0.121689739,0.021374778,0.144769172,0.467441752,0.141106827
GA,Bryan,0,0.036995923,0.015776103,0.282475503,0.55043443,0.114318041
GA,Bulloch,0.060906535,0.154566941,0.0055662,0.146315539,0.510929611,0.121715173
GA,Burke,0.036561633,0.101238044,0.020910107,0.205001863,0.545112004,0.091176349
GA,Butts,0.017236318,0.014971692,0,0.228056196,0.549045922,0.190689872
GA,Camden,0.046928182,0.064288566,0.016314579,0.18862543,0.546652469,0.137190774
GA,Carroll,0.046883948,0.117154311,0.012530878,0.181364378,0.511458146,0.130608337
GA,Catoosa,0.054872897,0.047743274,0.007855925,0.168413251,0.543882013,0.177232639
GA,Chatham,0.050099286,0.077906288,0.015634907,0.161024212,0.539993033,0.155342275
GA,Chattooga,0.075516396,0.111882299,0.024604131,0.15094967,0.440671626,0.196375878
GA,Cherokee,0.023580834,0.04140017,0.006322157,0.203293866,0.576334329,0.149068644
GA,Clarke,0.03663496,0.156591125,0.013672828,0.14424534,0.534053647,0.114802099
GA,Clayton,0.079710887,0.100073712,0.013056505,0.192810391,0.525027812,0.089320693
GA,Cobb,0.026325755,0.057885677,0.009548085,0.202254942,0.579820717,0.124164824
GA,Coffee,0.110582993,0.164673846,0.024285184,0.149300656,0.440920906,0.110236415
GA,Colquitt,0.088724421,0.123218573,0.025485143,0.168594022,0.457895548,0.136082293
GA,Columbia,0.032318769,0.051143587,0.009503669,0.219427766,0.551370165,0.136236043
GA,Coweta,0.024844554,0.035628803,0.008959016,0.207548305,0.587444006,0.135575316
GA,Dawson,0.035371025,0.07,0.011448763,0.161236749,0.557738516,0.164204947
GA,Decatur,0.092206037,0.134554738,0.009235621,0.150285328,0.439517946,0.17420033
GA,DeKalb,0.049671839,0.073805604,0.014374435,0.177324789,0.563595987,0.121227345
GA,Dodge,0.066243445,0.17460668,0.076787193,0.132431686,0.464090533,0.085840464
GA,Dougherty,0.087444029,0.127064599,0.022215643,0.157853187,0.453786281,0.15163626
GA,Douglas,0.062669372,0.075656295,0.008324416,0.189932877,0.54854288,0.114874161
GA,Effingham,0.031261799,0.046333912,0.010586725,0.226308238,0.581711093,0.103798233
GA,Emanuel,0.083559439,0.115382847,0.027224649,0.16137043,0.462957002,0.149505633
GA,Fannin,0.011054055,0.061698875,0.030418251,0.113872447,0.484967269,0.297989103
GA,Fayette,0.020151743,0.057737202,0.004502251,0.207878939,0.526638319,0.183091546
GA,Floyd,0.063841321,0.073673693,0.014466873,0.169882118,0.522540047,0.155595948
GA,Forsyth,0.017090126,0.030897251,0.007974106,0.244697431,0.584497751,0.114843334
GA,Franklin,0.095946239,0.062042055,0.015608064,0.128766529,0.511294169,0.186342944
GA,Fulton,0.040056169,0.074943142,0.016232032,0.175889581,0.584170588,0.108708488
GA,Gilmer,0.048853189,0.094223589,0.013083995,0.130181042,0.491481284,0.222176901
GA,Glynn,0.064825815,0.099686791,0.017892501,0.148000144,0.465529035,0.204065714
GA,Gordon,0.030219733,0.083985962,0.016337327,0.215721868,0.515395121,0.138339989
GA,Grady,0.102590955,0.145101233,0.024435653,0.117523854,0.414785509,0.195562796
GA,Gwinnett,0.042729901,0.057194273,0.009249511,0.219257073,0.570796987,0.100772255
GA,Habersham,0.044468021,0.061489494,0.020804022,0.183684296,0.503286667,0.1862675
GA,Hall,0.037818128,0.070810493,0.011946946,0.200406226,0.536080658,0.142937549
GA,Haralson,0.038756374,0.062641882,0.025530515,0.195196578,0.547590064,0.130284586
GA,Harris,0.005100732,0.044168353,0.018436725,0.214202263,0.54597783,0.172114097
GA,Hart,0.044228941,0.070926032,0.027876022,0.132953033,0.544133866,0.179882107
GA,Henry,0.033105342,0.058063827,0.009589615,0.215669752,0.56831933,0.115252133
GA,Houston,0.033021909,0.072539932,0.006082503,0.21824021,0.546026301,0.124089145
GA,Jackson,0.038252872,0.095588327,0.011740236,0.216887396,0.50737367,0.130157497
GA,Jones,0.028858798,0.097593915,0.009880229,0.228062693,0.472864911,0.162739453
GA,Laurens,0.083459881,0.127231685,0.022368151,0.164395649,0.448286477,0.154258157
GA,Lee,0.018283711,0.018784634,0.011615165,0.231082308,0.585047431,0.135186751
GA,Liberty,0.083902828,0.099976105,0.026188769,0.214050179,0.492727997,0.083154122
GA,Lowndes,0.095336317,0.151202629,0.018048175,0.15624563,0.464900014,0.114267235
GA,Lumpkin,0.024690228,0.108527132,0.006287005,0.125648538,0.569706403,0.165140695
GA,McDuffie,0.078404851,0.069356343,0.039505597,0.156856343,0.508208955,0.14766791
GA,Madison,0.084416222,0.084907204,0.035547118,0.185787699,0.456646264,0.152695493
GA,Meriwether,0.123768653,0.113576514,0.025017068,0.094508924,0.454110992,0.189017848
GA,Mitchell,0.064595687,0.081492365,0.033950779,0.217925172,0.493204597,0.108831401
GA,Monroe,0.03580637,0.052220649,0.00889712,0.155790391,0.54504848,0.20223699
GA,Morgan,0.001809202,0.03432595,0.009730576,0.241308493,0.531661043,0.181164735
GA,Murray,0.053877384,0.084365345,0.014656691,0.172356561,0.530475193,0.144268825
GA,Muscogee,0.076418583,0.106394961,0.021579005,0.175188629,0.501066491,0.119352331
GA,Newton,0.044485365,0.050000881,0.014370297,0.207475022,0.565507762,0.118160672
GA,Oconee,0.004251022,0.037507633,0.012987928,0.265982432,0.515125182,0.164145803
GA,Paulding,0.026340007,0.042811916,0.003825696,0.229495483,0.57972323,0.117803668
GA,Peach,0.079785593,0.080286904,0.048511492,0.074155484,0.526955113,0.190305414
GA,Pickens,0.017233239,0.059991737,0.022131728,0.17200779,0.517705382,0.210930123
GA,Polk,0.077091597,0.090904898,0.011807029,0.178212342,0.505211696,0.136772438
GA,Putnam,0.049688889,0.153555556,0.030355556,0.0956,0.435066667,0.235733333
GA,Richmond,0.080513009,0.112625163,0.012928606,0.157893376,0.49243462,0.143605225
GA,Rockdale,0.047052635,0.072301961,0.011089521,0.191205677,0.536022158,0.142328048
GA,Spalding,0.092795432,0.128810758,0.016888288,0.135527008,0.45213733,0.173841184
GA,Stephens,0.040125316,0.092822428,0.031409407,0.168895851,0.494959232,0.171787766
GA,Sumter,0.099679994,0.171147975,0.033619009,0.144407253,0.412182293,0.138963475
GA,Tattnall,0.081503631,0.177402819,0.014950876,0.240281931,0.382699701,0.103161042
GA,Thomas,0.085558439,0.097941319,0.014010469,0.153983196,0.479149254,0.169357322
GA,Tift,0.089302141,0.106953733,0.02222609,0.16328966,0.493498744,0.124729632
GA,Toombs,0.081940051,0.140608525,0.024438922,0.181201988,0.435080584,0.136729929
GA,Troup,0.020153099,0.072559988,0.023671426,0.209774768,0.533976152,0.139864566
GA,Union,0.046409419,0.041490262,0.024757066,0.122656345,0.41933793,0.345348978
GA,Upson,0.058683642,0.110891596,0.016975817,0.134818717,0.486408371,0.192221856
GA,Walker,0.032744577,0.058761226,0.02104902,0.181310977,0.528075305,0.178058895
GA,Walton,0.032772725,0.056165845,0.015151669,0.208708907,0.531233169,0.155967685
GA,Ware,0.092578899,0.121121595,0.041497826,0.164985655,0.445147742,0.134668284
GA,Washington,0.085731954,0.072689454,0.018495615,0.204013942,0.454913425,0.164155611
GA,Wayne,0.09766365,0.188241072,0.031361819,0.158317547,0.384199818,0.140216095
GA,White,0.039775838,0.069953944,0.012077684,0.17974814,0.481207124,0.21723727
GA,Whitfield,0.053906711,0.060362133,0.016158237,0.19848455,0.540700649,0.130387719
GA,Worth,0.078110407,0.098018975,0.03377083,0.171262842,0.458978518,0.159858428
HI,Hawaii,0.039573889,0.084216478,0.023757343,0.170659581,0.475166872,0.206625837
HI,Honolulu,0.025545284,0.058599753,0.01817355,0.186140149,0.538473463,0.173067801
HI,Kauai,0.03323939,0.066603117,0.017600575,0.177815539,0.509408156,0.195333223
HI,Maui,0.033654556,0.072521292,0.015150396,0.180395559,0.515261163,0.183017033
ID,Ada,0.023499553,0.050761189,0.013915914,0.205329516,0.564386025,0.142107802
ID,Bannock,0.032511749,0.075571651,0.016126953,0.21886244,0.521020124,0.135907082
ID,Bingham,0.03274238,0.054460944,0.013450701,0.266072971,0.497593682,0.135679322
ID,Blaine,0.030506701,0.043667244,0.009015173,0.187829517,0.557894313,0.171087053
ID,Bonner,0.04651823,0.03309405,0.015533114,0.150748266,0.513464736,0.240641603
ID,Bonneville,0.0380831,0.049925195,0.005810226,0.259101236,0.518994055,0.128086188
ID,Canyon,0.035295347,0.056524374,0.018826135,0.233134834,0.529146033,0.127073278
ID,Cassia,0.031370709,0.028085629,0.009602541,0.316847767,0.509006895,0.105086459
ID,Elmore,0.042835926,0.044907371,0.009966388,0.215078559,0.547838662,0.139373095
ID,Jefferson,0.015488656,0.027081775,0.014522563,0.316224134,0.524401645,0.102281227
ID,Jerome,0.055370686,0.074330599,0.012033741,0.221908373,0.49195171,0.144404891
ID,Kootenai,0.022126291,0.059753964,0.01306924,0.200107217,0.523215394,0.181727893
ID,Latah,0.012632979,0.123324468,0.008537234,0.18625,0.5275,0.141755319
ID,Madison,0.037753052,0.149895802,0.005023817,0.239543019,0.500353528,0.067430783
ID,Minidoka,0.048576626,0.10433158,0.038694134,0.200304833,0.47254044,0.135552387
ID,Nez Perce,0.054540628,0.13555518,0.023915824,0.152206965,0.450780703,0.1830007
ID,Payette,0.057778966,0.054571145,0.008516001,0.252386772,0.489001757,0.13774536
ID,Twin Falls,0.063599474,0.073700373,0.023206844,0.209991226,0.488111428,0.141390656
IL,Adams,0.027137233,0.058930134,0.020169354,0.197553431,0.518325834,0.177884014
IL,Boone,0.06061361,0.070003641,0.01444915,0.170247015,0.532913018,0.151773566
IL,Bureau,0.036337924,0.081591244,0.018076734,0.180090999,0.488102558,0.195800541
IL,Champaign,0.014351182,0.125616099,0.008604417,0.188961597,0.531035676,0.131431028
IL,Christian,0.024333387,0.059332588,0.01437011,0.18821651,0.517675236,0.19607217
IL,Clinton,0.049080819,0.0552376,0.007168459,0.164383166,0.549803445,0.174326512
IL,Coles,0.046596388,0.110170469,0.020184079,0.142811008,0.516920025,0.163318032
IL,Cook,0.041014366,0.077769454,0.019481961,0.174840665,0.551790492,0.135103061
IL,DeKalb,0.049414435,0.099674973,0.007821287,0.172749316,0.543899293,0.126440695
IL,DuPage,0.017310705,0.038461158,0.013243732,0.208305845,0.570551824,0.152126736
IL,Effingham,0.032142437,0.043982842,0.014102715,0.218885886,0.526677635,0.164208485
IL,Fayette,0.067840675,0.072010203,0.020847641,0.157755322,0.492789169,0.18875699
IL,Franklin,0.046283157,0.09215697,0.017001419,0.168294946,0.487201179,0.189062329
IL,Fulton,0.057691057,0.086829268,0.019707317,0.150829268,0.48302439,0.201918699
IL,Grundy,0.019494736,0.037847202,0.005730386,0.225522112,0.572714985,0.138690578
IL,Henry,0.017183562,0.049301202,0.015933848,0.201724605,0.523859116,0.191997667
IL,Iroquois,0.014919707,0.056300065,0.018791997,0.199764625,0.519000797,0.191222809
IL,Jackson,0.048360371,0.161221693,0.01211055,0.149233885,0.4605282,0.168545302
IL,Jefferson,0.033186541,0.093169847,0.023198918,0.193074864,0.476729125,0.180640705
IL,Jersey,0.019327731,0.034799802,0.002916461,0.18200692,0.586900643,0.174048443
IL,Jo Daviess,0.020459654,0.034726364,0.014633699,0.153676774,0.506032387,0.270471123
IL,Kane,0.031483798,0.042517288,0.010671607,0.212511702,0.566102602,0.136713003
IL,Kankakee,0.036288515,0.071436924,0.022149247,0.188088324,0.521564577,0.160472413
IL,Kendall,0.021201967,0.039381479,0.003044844,0.252528042,0.579811488,0.10403218
IL,Knox,0.029697227,0.081862603,0.027488342,0.186594971,0.465762288,0.208594569
IL,Lake,0.024483158,0.047083218,0.01230002,0.214800139,0.560053506,0.141279958
IL,LaSalle,0.047871989,0.069421472,0.019763145,0.16362485,0.523331096,0.175987448
IL,Lee,0.059025439,0.08209027,0.016905656,0.15715523,0.494690918,0.190132486
IL,Livingston,0.031184843,0.068534131,0.013114556,0.182062672,0.528933611,0.176170187
IL,Logan,0.036230967,0.072377578,0.02433675,0.162554304,0.520857059,0.183643342
IL,McDonough,0.042288557,0.108499171,0.011484245,0.155514096,0.504477612,0.177736318
IL,McHenry,0.01161584,0.034061923,0.010506952,0.215932419,0.583727479,0.144155387
IL,McLean,0.026234826,0.101763639,0.016002129,0.190997951,0.530552615,0.13444884
IL,Macon,0.049640122,0.10454039,0.021512392,0.178523746,0.455333929,0.190449421
IL,Macoupin,0.057687856,0.107065142,0.053567295,0.150469929,0.475276633,0.155933145
IL,Madison,0.032950497,0.060643923,0.017976163,0.187378389,0.537845878,0.16320515
IL,Marion,0.051712206,0.089416715,0.017578828,0.184370069,0.485618581,0.171303602
IL,Monroe,0.006610803,0.005566992,0.01690394,0.210762852,0.587288701,0.172866711
IL,Montgomery,0.013770899,0.063889212,0.015051011,0.191279724,0.509212925,0.206796229
IL,Morgan,0.043540069,0.070880719,0.023042846,0.153365512,0.519075641,0.190095213
IL,Ogle,0.012281391,0.032010218,0.018589114,0.208803301,0.550992336,0.177323639
IL,Peoria,0.053517118,0.101726137,0.014191275,0.187878023,0.480403071,0.162284376
IL,Perry,0.062275192,0.071562785,0.023890052,0.160090192,0.506200676,0.175981103
IL,Randolph,0.050548019,0.09343144,0.006974783,0.152448839,0.494596459,0.20200046
IL,Rock Island,0.063065681,0.099094911,0.018167158,0.165429373,0.463919922,0.190322956
IL,St. Clair,0.045677737,0.060103971,0.017486102,0.190188398,0.534511623,0.152032169
IL,Saline,0.044812877,0.11091077,0.020625357,0.162760016,0.476582084,0.184308897
IL,Sangamon,0.05047904,0.082818152,0.018171203,0.171615183,0.508522638,0.168393782
IL,Shelby,0.027969647,0.046599864,0.017560074,0.18664267,0.508707073,0.212520673
IL,Stephenson,0.035065085,0.05292017,0.016173252,0.16523442,0.515078908,0.215528165
IL,Tazewell,0.030431855,0.050192597,0.012565765,0.198218088,0.529061756,0.179529939
IL,Vermilion,0.067228947,0.110177176,0.031304423,0.164495747,0.453503936,0.173289771
IL,Whiteside,0.057272844,0.072315679,0.021243419,0.167489131,0.493368311,0.188310616
IL,Will,0.025341581,0.044671681,0.009686135,0.213759517,0.576843434,0.129697652
IL,Williamson,0.045637918,0.082958209,0.017382907,0.163642311,0.509088643,0.181290011
IL,Winnebago,0.048062121,0.076754425,0.017851953,0.186629157,0.505538591,0.165163754
IL,Woodford,0.026561745,0.034565182,0.012596014,0.215609389,0.538889187,0.171778482
IN,Adams,0.096590748,0.084849342,0.010977507,0.218644787,0.452822181,0.136115434
IN,Allen,0.046232665,0.072959694,0.014209074,0.204601734,0.52752926,0.134467573
IN,Bartholomew,0.016020538,0.041766949,0.008652078,0.220683526,0.560274497,0.152602412
IN,Boone,0.023471038,0.022955344,0.01304566,0.223309361,0.589605285,0.127613313
IN,Carroll,0.022072559,0.030134697,0.020745256,0.189263593,0.505702487,0.232081408
IN,Cass,0.04508409,0.079564969,0.010412408,0.184125167,0.50148554,0.179327827
IN,Clark,0.034435957,0.061953274,0.015608319,0.186439135,0.547847029,0.153716286
IN,Clay,0.023181142,0.056621505,0.009436918,0.193280601,0.53907902,0.178400814
IN,Clinton,0.022336558,0.051543533,0.012785754,0.238708485,0.525232608,0.149393062
IN,Daviess,0.072363216,0.055535269,0.016827947,0.224088613,0.483385065,0.14779989
IN,Dearborn,0.010379106,0.033627508,0.010458792,0.212462896,0.559156922,0.173914776
IN,Decatur,0.014792441,0.037213445,0.017425651,0.221112144,0.553167596,0.156288724
IN,DeKalb,0.016998486,0.03776924,0.004959832,0.230131564,0.546932122,0.163208755
IN,Delaware,0.027651537,0.138363152,0.015302307,0.160626282,0.495321099,0.162735623
IN,Dubois,0.031154854,0.037149803,0.02095872,0.20611768,0.54683849,0.157780453
IN,Elkhart,0.049765978,0.053709734,0.014345842,0.223625211,0.521263377,0.137289859
IN,Fayette,0.034657858,0.057730231,0.043137448,0.151153619,0.513902583,0.199418261
IN,Floyd,0.021924328,0.047051228,0.009443158,0.201420271,0.570133799,0.150027216
IN,Franklin,0.003331409,0.047128326,0.016879136,0.216941323,0.533647226,0.18207258
IN,Fulton,0.02920202,0.051324762,0.027796575,0.178907917,0.502316381,0.210452345
IN,Gibson,0.058933934,0.086273774,0.029873624,0.173892643,0.504410661,0.146615365
IN,Grant,0.064153342,0.115625968,0.023112154,0.162290353,0.450638111,0.184180073
IN,Greene,0.074328131,0.077509361,0.012857474,0.136395268,0.511614806,0.18729496
IN,Hamilton,0.008061815,0.022161546,0.003504525,0.250467974,0.587006516,0.128797624
IN,Hancock,0.02580669,0.0286741,0.003851928,0.209493219,0.566811883,0.16536218
IN,Harrison,0.024870546,0.043287504,0.006326046,0.187995817,0.564038466,0.173481621
IN,Hendricks,0.012846306,0.031112682,0.007528824,0.229825771,0.583053591,0.135632826
IN,Henry,0.084140116,0.084646189,0.018130611,0.132701109,0.505368773,0.175013202
IN,Howard,0.023490667,0.069135232,0.013003111,0.193442543,0.521801478,0.179126969
IN,Huntington,0.034566165,0.07264801,0.012712699,0.184390381,0.531289551,0.164393194
IN,Jackson,0.055187489,0.099625924,0.022714981,0.178339643,0.496439517,0.147692446
IN,Jasper,0.018710954,0.044133111,0.007113255,0.196820684,0.559194656,0.17402734
IN,Jay,0.048132364,0.094108799,0.022010529,0.188769115,0.473351717,0.173627476
IN,Jefferson,0.019230769,0.05003859,0.02154618,0.204785181,0.53759326,0.16680602
IN,Jennings,0.034549372,0.091462962,0.014748495,0.203655546,0.496136414,0.15944721
IN,Johnson,0.025209247,0.036337933,0.010842218,0.216993822,0.572352033,0.138264747
IN,Knox,0.033290653,0.08558375,0.014317309,0.178035153,0.515481318,0.173291817
IN,Kosciusko,0.029176842,0.060490435,0.007453195,0.20960521,0.523936711,0.169337607
IN,LaGrange,0.011671799,0.022971094,0.00707758,0.312133704,0.513633655,0.132512168
IN,Lake,0.046568304,0.071736576,0.016420355,0.185155123,0.524745182,0.15537446
IN,LaPorte,0.037587999,0.057499377,0.013753813,0.190510445,0.520131975,0.180516391
IN,Lawrence,0.051080594,0.076767222,0.02287258,0.16530842,0.508442143,0.175529041
IN,Madison,0.052982556,0.092148172,0.023779124,0.154409791,0.507437076,0.169243281
IN,Marion,0.05202538,0.080787856,0.014834908,0.194662199,0.542906925,0.114782731
IN,Marshall,0.013140258,0.043771562,0.010547364,0.238634116,0.526467292,0.167439408
IN,Miami,0.05921712,0.091699581,0.01364735,0.169280198,0.499498909,0.166656841
IN,Monroe,0.025422904,0.192995118,0.009633943,0.14802861,0.477026128,0.146893297
IN,Montgomery,0.040163154,0.066947655,0.021264446,0.196682529,0.513256288,0.161685928
IN,Morgan,0.0283665,0.074397018,0.01361367,0.193165038,0.529990859,0.160466915
IN,Noble,0.025275536,0.035689491,0.013820186,0.212249414,0.558665278,0.154300095
IN,Owen,0.018410526,0.04607451,0.014747699,0.187286134,0.590871849,0.142609282
IN,Porter,0.033444305,0.062443853,0.012347854,0.177719845,0.547462613,0.166581529
IN,Posey,0.027725394,0.047185331,0.011114232,0.203908037,0.524776311,0.185290695
IN,Putnam,0.048023919,0.05718023,0.0117724,0.164844748,0.533028123,0.185150581
IN,Randolph,0.046201062,0.076766755,0.016008626,0.179080956,0.498797279,0.183145322
IN,Ripley,0.001294476,0.055032712,0.018297589,0.234195151,0.529230662,0.16194941
IN,St. Joseph,0.045689142,0.082224315,0.014872317,0.195423016,0.507042254,0.154748958
IN,Scott,0.045265216,0.061416185,0.012538252,0.185566134,0.523121387,0.172092826
IN,Shelby,0.023397233,0.049529795,0.011958586,0.202504747,0.554480514,0.158129126
IN,Spencer,0.008397337,0.019252432,0.019354839,0.207936508,0.557859703,0.187199181
IN,Starke,0.049118603,0.072864967,0.036796166,0.188944036,0.490843745,0.161432483
IN,Steuben,0.030055478,0.052642809,0.008717917,0.174998476,0.517009084,0.216576236
IN,Sullivan,0.079197,0.110302228,0.01533201,0.149404368,0.449260975,0.196503419
IN,Tippecanoe,0.032415293,0.145173363,0.013614423,0.18642919,0.506432962,0.115934769
